0.111583 
0.101837 
0.0106309 
0.189108 
0.033674 
0.0966913 
0.388481 
0.0120512 
0.347345 
0.0692334 
0.281772 
0.0528719 
0.0718493 
0.0911763 
0.0311342 
0.0938331 
0.045332 
0.2913 
0.141497 
0.0412474 
0.110121 
0.0762233 
0.147973 
0.197987 
0.106561 
0.0257055 
0.125932 
0.0403187 
0.0611985 
0.102964 
0.0104046 
0.097683 
0.0944856 
0.0608473 
0.168712 
0.0317311 
0.0397522 
0.205643 
0.0122898 
0.15344 
0.00243277 
0.14834 
0.403836 
0.156886 
0.0297534 
0.0326616 
0.0410903 
0.34618 
0.101702 
0.172481 
0.0924581 
0.488836 
0.0459276 
0.365818 
0.158079 
0.044136 
0.17593 
0.0195384 
0.0525219 
0.0348723 
0.0812403 
0.127368 
0.156501 
0.0332115 
0.393363 
0.140369 
0.0721588 
0.037661 
0.380246 
0.00564276 
0.188169 
0.17988 
0.121948 
0.103537 
0.184689 
0.0639428 
0.328396 
0.0598577 
0.265019 
0.0696734 
0.138739 
0.05783 
0.0536331 
0.0954294 
0.0903092 
0.308383 
0.0502053 
0.125758 
0.164173 
0.177799 
0.0307946 
0.191456 
0.479509 
0.0662225 
0.062396 
0.277407 
0.0962411 
0.0728487 
0.0560734 
0.0218915 
0.147832 
0.220626 
0.0270549 
0.246798 
0.232129 
0.317877 
0.00240579 
0.0703988 
0.0762655 
0.142648 
0.0580544 
0.289672 
0.0465153 
0.182678 
0.219351 
0.0591961 
0.0909973 
0.15367 
0.344289 
0.0580909 
0.177866 
0.106556 
0.157796 
0.0944107 
0.229013 
0.0129123 
0.0272007 
0.643401 
0.117569 
0.0145928 
0.000713183 
0.000786091 
0.0441193 
