0 0.05 0.05 0.05 -0 0.02 0.055 0.999366 -2.74339e-17 0 0.035599 
0 0.05 0.05 0.05 -0 0.02 0.055 0.999218 -0.017441 0.000617519 0.0354689 
0 0.05 0.05 0.05 -0 0.02 0.055 0.998775 -0.0348782 0.00123491 0.0350798 
0 0.05 0.05 0.05 -0 0.02 0.055 0.997996 -0.0523028 0.00185179 0.0355727 
0 0.05 0.05 0.05 -0 0.02 0.055 0.996941 -0.069713 0.0024682 0.035262 
-inf 0.05 0.05 0.05 -0 0.02 0.055 0.995569 -0.0871009 0.0030839 0.0352997 
0 0.05 0.05 0.05 -0 0.02 0.055 0.993901 -0.10446 0.0036986 0.0351593 
0 0.05 0.05 0.05 -0 0.02 0.055 0.991915 -0.121789 0.00431208 0.0354027 
-inf 0.05 0.05 0.05 -0 0.02 0.055 0.989653 -0.13909 0.00492441 0.0348926 
-inf 0.05 0.05 0.05 -0 0.02 0.055 0.987071 -0.15634 0.0055352 0.0349085 
0 0.05 0.05 0.05 -0 0.02 0.055 0.984189 -0.17354 0.00614419 0.034901 
0 0.05 0.05 0.05 -0 0.02 0.055 0.981008 -0.19069 0.00675138 0.0348694 
0 0.05 0.05 0.05 -0 0.02 0.055 0.977544 -0.207781 0.00735663 0.0343515 
-inf 0.05 0.05 0.05 -0 0.02 0.055 0.97376 -0.22481 0.0079595 0.0344754 
0 0.05 0.05 0.05 -0 0.02 0.055 0.969692 -0.24177 0.00856001 0.0342334 
-inf 0.05 0.05 0.05 -0 0.02 0.055 0.96532 -0.25866 0.0091579 0.0341867 
-inf 0.05 0.05 0.05 -0 0.02 0.055 0.960659 -0.27546 0.00975289 0.0340762 
0 0.05 0.05 0.05 -0 0.02 0.055 0.955714 -0.292191 0.010345 0.0335841 
0 0.05 0.05 0.05 -0 0.02 0.055 0.950458 -0.308819 0.010934 0.0337714 
-inf 0.05 0.05 0.05 -0 0.02 0.055 0.944932 -0.325361 0.01152 0.033341 
0 0.05 0.05 0.05 -0 0.02 0.055 0.939098 -0.341809 0.012102 0.0334041 
0 0.05 0.05 0.05 -0 0.02 0.055 0.933002 -0.358141 0.01268 0.032875 
-inf 0.05 0.05 0.05 -0 0.02 0.055 0.926596 -0.374369 0.0132549 0.033037 
-inf 0.05 0.05 0.05 -0 0.02 0.055 0.919933 -0.390491 0.013825 0.0323988 
0 0.05 0.05 0.05 -0 0.02 0.055 0.912966 -0.406478 0.0143919 0.0325657 
0 0.05 0.05 0.05 -0 0.02 0.055 0.905738 -0.422349 0.014954 0.0321787 
0 0.05 0.05 0.05 -0 0.02 0.055 0.89823 -0.4381 0.015511 0.03178 
0 0.05 0.05 0.05 -0 0.02 0.055 0.890453 -0.453711 0.016064 0.0313377 
0 0.05 0.05 0.05 -0 0.02 0.055 0.882387 -0.469179 0.0166109 0.0314348 
0 0.05 0.05 0.05 -0 0.02 0.055 0.87407 -0.48451 0.017154 0.0309379 
0 0.05 0.05 0.05 -0 0.02 0.055 0.865479 -0.499689 0.017692 0.0307171 
0 0.05 0.05 0.05 -0 0.02 0.055 0.856632 -0.514721 0.018224 0.0302104 
0 0.05 0.05 0.05 -0 0.02 0.055 0.847523 -0.529592 0.0187501 0.0297505 
0 0.05 0.05 0.05 -0 0.02 0.055 0.838154 -0.544303 0.0192711 0.0293419 
0 0.05 0.05 0.05 -0 0.02 0.055 0.82852 -0.55884 0.019786 0.0293509 
0 0.05 0.05 0.05 -0 0.02 0.055 0.818642 -0.573221 0.020295 0.0288261 
0 0.05 0.05 0.05 -0 0.02 0.055 0.808511 -0.587421 0.020798 0.0285324 
-inf 0.05 0.05 0.05 -0 0.02 0.055 0.798144 -0.601443 0.0212941 0.0279226 
-inf 0.05 0.05 0.05 -0 0.02 0.055 0.787524 -0.615283 0.0217841 0.027553 
0 0.05 0.05 0.05 -0 0.02 0.055 0.776662 -0.628932 0.0222671 0.0272923 
0 0.05 0.05 0.05 -0 0.02 0.055 0.76556 -0.64239 0.022744 0.027142 
0 0.05 0.05 0.05 -0 0.02 0.055 0.754243 -0.655652 0.0232131 0.0264477 
-inf 0.05 0.05 0.05 -0 0.02 0.055 0.742679 -0.66871 0.023676 0.0263472 
0 0.05 0.05 0.05 -0 0.02 0.055 0.730902 -0.681572 0.0241311 0.0257061 
-inf 0.05 0.05 0.05 -0 0.02 0.055 0.718889 -0.694219 0.024579 0.0256013 
0 0.05 0.05 0.05 -0 0.02 0.055 0.706656 -0.706656 0.0250199 0.025471 
-inf 0.05 0.05 0.05 0 0 0.055 0.999366 -2.74339e-17 0 0.035599 
0 0.05 0.05 0.05 0 0 0.055 0.87703 -0.47913 0.016964 0.0310783 
0 0.05 0.05 0.05 0 0 0.055 0.539957 -0.840935 0.0297738 0.0196998 
0 0.05 0.05 0.05 0 0 0.055 0.070693 -0.99687 0.035295 0.0027831 
0 0.05 0.05 0.05 0 0 0.055 0.415891 0.908733 -0.0321741 0.0142702 
0.111583 0.05 0.05 0.05 0 0 0.055 0.80064 0.5981 -0.021176 0.0283472 
0 0.05 0.05 0.05 0 0 0.055 0.989367 0.14103 -0.00499329 0.0351881 
0 0.05 0.05 0.05 0 0 0.055 0.935869 -0.350559 0.012412 0.0332268 
0 0.05 0.05 0.05 0 0 0.055 0.653229 -0.756329 0.026778 0.0232807 
0 0.05 0.05 0.05 0 0 0.055 0.21066 -0.976921 0.034588 0.00715259 
0.101837 0.05 0.05 0.05 0 0 0.055 0.283478 0.958315 -0.0339298 0.0110214 
0.0106309 0.05 0.05 0.05 0 0 0.055 0.708233 0.705103 -0.0249641 0.024768 
0 0.05 0.05 0.05 0 0 0.055 0.959571 0.27924 -0.00988661 0.0339287 
0 0.05 0.05 0.05 0 0 0.055 0.975985 -0.214991 0.00761164 0.034276 
0 0.05 0.05 0.05 0 0 0.055 0.753432 -0.656582 0.0232461 0.0264494 
0 0.05 0.05 0.05 0 0 0.055 0.346419 -0.937408 0.0331889 0.0125695 
0 0.05 0.05 0.05 0 0 0.055 0.14541 0.988741 -0.035007 0.00459458 
-0.0318094 0.05 0.05 0.05 0 0 0.055 0.60163 0.797989 -0.028253 0.0213638 
0.189108 0.05 0.05 0.05 0 0 0.055 0.91056 0.41186 -0.014582 0.032234 
0 0.05 0.05 0.05 0 0 0.055 0.996552 -0.0751042 0.00265911 0.0351563 
0 0.05 0.05 0.05 0 0 0.055 0.838553 -0.543682 0.0192491 0.0294868 
0.033674 0.05 0.05 0.05 0 0 0.055 0.475238 -0.879136 0.0311259 0.0172931 
0.0966913 0.05 0.05 0.05 0 0 0.055 0.00441705 0.998039 -0.0353362 0.0514751 
0 0.05 0.05 0.05 0 0 0.055 0.482998 0.874896 -0.0309759 0.0176291 
0.388481 0.05 0.05 0.05 0 0 0.055 0.843334 0.536243 -0.0189861 0.0294966 
0.0120512 0.05 0.05 0.05 0 0 0.055 0.997166 0.0662798 -0.00234669 0.0355032 
0 0.05 0.05 0.05 0 0 0.055 0.90688 -0.4199 0.014867 0.0321299 
0 0.05 0.05 0.05 0 0 0.055 0.59455 -0.80328 0.02844 0.0210311 
0 0.05 0.05 0.05 0 0 0.055 0.13665 -0.989992 0.0350511 0.00372139 
0.347345 0.05 0.05 0.05 0 0 0.055 0.3547 0.93431 -0.03308 0.0126173 
0.0692334 0.05 0.05 0.05 0 0 0.055 0.759208 0.649879 -0.023009 0.0270367 
0 0.05 0.05 0.05 0 0 0.055 0.97784 0.20634 -0.0073055 0.0346428 
0.281772 0.05 0.05 0.05 0 0 0.055 0.957059 -0.28772 0.010187 0.033926 
0 0.05 0.05 0.05 0 0 0.055 0.701962 -0.711342 0.0251851 0.0246763 
0 0.05 0.05 0.05 0 0 0.055 0.274991 -0.960804 0.0340171 0.00890532 
0.0528719 0.05 0.05 0.05 0 0 0.055 0.219301 0.975024 -0.0345211 0.00667272 
0.0718493 0.05 0.05 0.05 0 0 0.055 0.6599 0.75052 -0.026572 0.0233542 
0 0.05 0.05 0.05 0 0 0.055 0.938944 0.342272 -0.0121181 0.0329718 
0 0.05 0.05 0.05 0 0 0.055 0.988094 -0.149781 0.00530312 0.0347583 
0 0.05 0.05 0.05 0 0 0.055 0.795322 -0.605161 0.021426 0.0279982 
0.0911763 0.05 0.05 0.05 0 0 0.055 0.407829 -0.912368 0.0323029 0.0146956 
0 0.05 0.05 0.05 0 0 0.055 0.0794146 0.996214 -0.0352711 0.00281521 
0 0.05 0.05 0.05 0 0 0.055 0.54739 0.83613 -0.029604 0.0193196 
0.0311342 0.05 0.05 0.05 0 0 0.055 0.881239 0.471339 -0.016688 0.0312867 
0 0.05 0.05 0.05 0 0 0.055 0.999325 -0.00884576 0.000313189 0.0356452 
0 0.05 0.05 0.05 0 0 0.055 0.872762 -0.486871 0.017238 0.0307585 
0 0.05 0.05 0.05 0 0 0.055 0.5325 -0.84569 0.029942 0.0188644 
-inf 0.05 0.05 0.05 0 0 0.055 0.0617896 -0.997462 0.0353151 0.0021904 
0 0.05 0.05 0.05 0 0 0.055 0.423909 0.905008 -0.0320419 0.0153589 
0 0.05 0.05 0.05 0 0 0.055 0.805898 0.590989 -0.020924 0.0286754 
0 0.05 0.05 0.05 0 0 0.055 0.990578 0.13227 -0.00468299 0.0351841 
0 0.05 0.05 0.05 0 0 0.055 0.932728 -0.358829 0.012705 0.0331383 
0 0.05 0.05 0.05 0 0 0.055 0.646508 -0.762077 0.0269819 0.0231919 
0 0.05 0.05 0.05 0 0 0.055 0.202009 -0.978735 0.0346528 0.00826901 
0 0.05 0.05 0.05 0 0 0.055 0.291961 0.955784 -0.0338401 0.00955836 
0 0.05 0.05 0.05 0 0 0.055 0.714439 0.698799 -0.024741 0.0253777 
0 0.05 0.05 0.05 0 0 0.055 0.961998 0.270739 -0.00958548 0.0341741 
0 0.05 0.05 0.05 0 0 0.055 0.974026 -0.223619 0.00791717 0.0347088 
-0.0473391 0.05 0.05 0.05 0 0 0.055 0.747591 -0.663221 0.023482 0.0263335 
0 0.05 0.05 0.05 0 0 0.055 0.33811 -0.940439 0.033297 0.012158 
0.0938331 0.05 0.05 0.05 0 0 0.055 0.154149 0.987406 -0.0349598 0.00679156 
0.045332 0.05 0.05 0.05 0 0 0.055 0.608668 0.792627 -0.0280629 0.0218553 
0.2913 0.05 0.05 0.05 0 0 0.055 0.914169 0.403779 -0.014296 0.0324573 
-0.00594838 0.05 0.05 0.05 0 0 0.055 0.995836 -0.0839217 0.00297129 0.0354801 
0 0.05 0.05 0.05 0 0 0.055 0.833699 -0.551079 0.019511 0.0296247 
0.141497 0.05 0.05 0.05 0 0 0.055 0.467441 -0.883323 0.0312741 0.0161669 
0.0412474 0.05 0.05 0.05 0 0 0.055 0.0132181 0.999286 -0.0353799 0.000469768 
-0.0453613 0.05 0.05 0.05 0 0 0.055 0.490729 0.870588 -0.0308239 0.01767 
0.110121 0.05 0.05 0.05 0 0 0.055 0.84804 0.52875 -0.018721 0.0300123 
0 0.05 0.05 0.05 0 0 0.055 0.997719 0.0574509 -0.0020341 0.035387 
0 0.05 0.05 0.05 0 0 0.055 0.903131 -0.427911 0.01515 0.03189 
0 0.05 0.05 0.05 0 0 0.055 0.587407 -0.808506 0.0286259 0.0212339 
0 0.05 0.05 0.05 0 0 0.055 0.12788 -0.991161 0.035092 0.00377922 
0.0762233 0.05 0.05 0.05 0 0 0.055 0.362959 0.931128 -0.0329669 0.0132393 
0 0.05 0.05 0.05 0 0 0.055 0.76493 0.64314 -0.02277 0.0271226 
0 0.05 0.05 0.05 0 0 0.055 0.97963 0.19767 -0.0069988 0.0346745 
0.147973 0.05 0.05 0.05 0 0 0.055 0.954483 -0.296181 0.010486 0.0335972 
0.197987 0.05 0.05 0.05 0 0 0.055 0.695631 -0.717531 0.025404 0.0245337 
0 0.05 0.05 0.05 0 0 0.055 0.26648 -0.963189 0.034102 0.00959087 
0.106561 0.05 0.05 0.05 0 0 0.055 0.227921 0.973043 -0.0344511 0.00728165 
0.0257055 0.05 0.05 0.05 0 0 0.055 0.666521 0.744652 -0.0263651 0.0234069 
0 0.05 0.05 0.05 0 0 0.055 0.94193 0.33394 -0.011823 0.0333494 
0.125932 0.05 0.05 0.05 0 0 0.055 0.986718 -0.15852 0.00561259 0.0350236 
0.0403187 0.05 0.05 0.05 0 0 0.055 0.789932 -0.612182 0.0216741 0.0277633 
-0.0133139 0.05 0.05 0.05 0 0 0.055 0.39973 -0.91595 0.03243 0.0141185 
0 0.05 0.05 0.05 0 0 0.055 0.0883276 0.995456 -0.0352448 0.00490606 
0 0.05 0.05 0.05 0 0 0.055 0.55477 0.831249 -0.029431 0.0197282 
-inf 0.05 0.05 0.05 0 0 0.055 0.885384 0.463532 -0.0164111 0.0310358 
0.0611985 0.05 0.05 0.05 0 0 0.055 0.999223 -0.017691 0.000626352 0.0352205 
0 0.05 0.05 0.05 0 0 0.055 0.868409 -0.494579 0.017511 0.0308342 
-inf 0.05 0.05 0.05 0 0 0.055 0.524989 -0.850368 0.0301079 0.0188224 
0 0.05 0.05 0.05 0 0 0.055 0.0529685 -0.997969 0.035333 0.0018777 
0 0.05 0.05 0.05 0 0 0.055 0.431909 0.901218 -0.0319079 0.015573 
0.102964 0.05 0.05 0.05 0 0 0.055 0.811097 0.583828 -0.0206709 0.0289734 
0 0.05 0.05 0.05 0 0 0.055 0.991706 0.1235 -0.00437238 0.0353128 
0 0.05 0.05 0.05 0 0 0.055 0.929523 -0.367081 0.012996 0.0326937 
0 0.05 0.05 0.05 0 0 0.055 0.639737 -0.767766 0.0271829 0.0230923 
0 0.05 0.05 0.05 0 0 0.055 0.193339 -0.980486 0.0347149 0.00787017 
0.0104046 0.05 0.05 0.05 0 0 0.055 0.300401 0.953163 -0.0337471 0.0100597 
-0.00173016 0.05 0.05 0.05 0 0 0.055 0.720601 0.692451 -0.024517 0.0253814 
0 0.05 0.05 0.05 0 0 0.055 0.964358 0.26221 -0.00928368 0.0342525 
0.097683 0.05 0.05 0.05 0 0 0.055 0.972023 -0.232231 0.00822212 0.034251 
-inf 0.05 0.05 0.05 0 0 0.055 0.741691 -0.66981 0.023715 0.0262036 
0 0.05 0.05 0.05 0 0 0.055 0.329771 -0.943402 0.0334011 0.0113532 
-0.015355 0.05 0.05 0.05 0 0 0.055 0.16289 0.98601 -0.03491 0.00562149 
0 0.05 0.05 0.05 0 0 0.055 0.61567 0.78721 -0.027872 0.021746 
-inf 0.05 0.05 0.05 0 0 0.055 0.917713 0.395681 -0.014009 0.0322986 
0.0944856 0.05 0.05 0.05 0 0 0.055 0.995058 -0.0927328 0.00328329 0.0353497 
0 0.05 0.05 0.05 0 0 0.055 0.82879 -0.55844 0.019772 0.0293406 
0.0608473 0.05 0.05 0.05 0 0 0.055 0.4596 -0.887419 0.031419 0.0163735 
0 0.05 0.05 0.05 0 0 0.055 0.0220299 0.999131 -0.035375 0.000782921 
-0.000298656 0.05 0.05 0.05 0 0 0.055 0.49841 0.866221 -0.030669 0.0175552 
0 0.05 0.05 0.05 0 0 0.055 0.852691 0.521221 -0.018454 0.0301069 
0.168712 0.05 0.05 0.05 0 0 0.055 0.998189 0.048618 -0.0017213 0.0353711 
0 0.05 0.05 0.05 0 0 0.055 0.899297 -0.435888 0.0154329 0.032074 
0.0317311 0.05 0.05 0.05 0 0 0.055 0.580242 -0.813682 0.0288091 0.0202718 
-0.144703 0.05 0.05 0.05 0 0 0.055 0.11911 -0.99225 0.035131 0.00440081 
0.0397522 0.05 0.05 0.05 0 0 0.055 0.371189 0.927878 -0.0328519 0.0135014 
0 0.05 0.05 0.05 0 0 0.055 0.770602 0.636342 -0.0225301 0.0271028 
0 0.05 0.05 0.05 0 0 0.055 0.981341 0.189 -0.0066915 0.0347109 
0.205643 0.05 0.05 0.05 0 0 0.055 0.951823 -0.304621 0.010785 0.0335034 
0 0.05 0.05 0.05 0 0 0.055 0.68926 -0.72365 0.025621 0.0243779 
0 0.05 0.05 0.05 0 0 0.055 0.257939 -0.965507 0.0341839 0.00972901 
0 0.05 0.05 0.05 0 0 0.055 0.23653 0.97098 -0.034378 0.00830529 
0.0122898 0.05 0.05 0.05 0 0 0.055 0.673093 0.738723 -0.0261551 0.0234372 
0 0.05 0.05 0.05 0 0 0.055 0.944851 0.32559 -0.011528 0.0333822 
0.15344 0.05 0.05 0.05 0 0 0.055 0.985281 -0.16725 0.0059216 0.0348496 
0.00243277 0.05 0.05 0.05 0 0 0.055 0.784478 -0.619139 0.0219209 0.0279481 
-0.0144493 0.05 0.05 0.05 0 0 0.055 0.39161 -0.919449 0.032554 0.0139591 
0.14834 0.05 0.05 0.05 0 0 0.055 0.0971358 0.994637 -0.0352159 0.0045655 
0 0.05 0.05 0.05 0 0 0.055 0.562099 0.826309 -0.0292559 0.0200723 
0.403836 0.05 0.05 0.05 0 0 0.055 0.889454 0.455672 -0.0161331 0.0312241 
0.156886 0.05 0.05 0.05 0 0 0.055 0.999019 -0.026535 0.000939469 0.0354542 
0 0.05 0.05 0.05 0 0 0.055 0.863997 -0.502238 0.0177819 0.0308199 
0.0297534 0.05 0.05 0.05 0 0 0.055 0.517449 -0.854979 0.030271 0.0184696 
0.0326616 0.05 0.05 0.05 0 0 0.055 -0.0440339 0.998403 -0.0353491 -0.00156491 
0 0.05 0.05 0.05 0 0 0.055 0.439872 0.897375 -0.0317722 0.0148971 
0.0410903 0.05 0.05 0.05 0 0 0.055 0.816241 0.576631 -0.020416 0.0288347 
0.34618 0.05 0.05 0.05 0 0 0.055 0.992771 0.11471 -0.00406151 0.0350749 
-inf 0.05 0.05 0.05 0 0 0.055 0.926228 -0.375289 0.013287 0.032898 
0 0.05 0.05 0.05 0 0 0.055 0.632921 -0.773411 0.027383 0.0222865 
0 0.05 0.05 0.05 0 0 0.055 0.18465 -0.982172 0.0347741 0.00569583 
0.101702 0.05 0.05 0.05 0 0 0.055 0.30883 0.950461 -0.033651 0.0107399 
0 0.05 0.05 0.05 0 0 0.055 0.726703 0.686053 -0.0242901 0.0253607 
0 0.05 0.05 0.05 0 0 0.055 0.966634 0.253658 -0.00898105 0.0345678 
0 0.05 0.05 0.05 0 0 0.055 0.969916 -0.240819 0.00852636 0.0346005 
0.172481 0.05 0.05 0.05 0 0 0.055 0.73573 -0.67635 0.023946 0.0260522 
0 0.05 0.05 0.05 0 0 0.055 0.32141 -0.946281 0.033503 0.0111883 
0.0924581 0.05 0.05 0.05 0 0 0.055 0.17161 0.984531 -0.034858 0.00586034 
0 0.05 0.05 0.05 0 0 0.055 0.622609 0.781729 -0.027678 0.0221794 
0.488836 0.05 0.05 0.05 0 0 0.055 0.921167 0.387539 -0.013721 0.0328165 
-inf 0.05 0.05 0.05 0 0 0.055 0.994198 -0.10154 0.00359499 0.0353143 
0 0.05 0.05 0.05 0 0 0.055 0.823822 -0.565751 0.020031 0.0290149 
0.0459276 0.05 0.05 0.05 0 0 0.055 0.451729 -0.891448 0.0315619 0.0163026 
0 0.05 0.05 0.05 0 0 0.055 0.0309549 0.998855 -0.0353648 0.00888656 
0 0.05 0.05 0.05 0 0 0.055 0.506059 0.861768 -0.0305109 0.0181292 
0 0.05 0.05 0.05 0 0 0.055 0.857274 0.513663 -0.0181861 0.0300088 
-inf 0.05 0.05 0.05 0 0 0.055 0.998578 0.0397809 -0.0014085 0.0354538 
0 0.05 0.05 0.05 0 0 0.055 0.895408 -0.443829 0.015714 0.0318255 
0 0.05 0.05 0.05 0 0 0.055 0.573008 -0.818777 0.0289889 0.0206274 
0 0.05 0.05 0.05 0 0 0.055 0.11032 -0.993272 0.0351671 0.0019168 
0.365818 0.05 0.05 0.05 0 0 0.055 0.379378 0.924556 -0.0327349 0.0139995 
0.158079 0.05 0.05 0.05 0 0 0.055 0.776198 0.629489 -0.022287 0.0276249 
0 0.05 0.05 0.05 0 0 0.055 0.982965 0.180299 -0.00638367 0.035087 
0 0.05 0.05 0.05 0 0 0.055 0.949076 -0.313029 0.011083 0.0338224 
0.044136 0.05 0.05 0.05 0 0 0.055 0.68282 -0.72973 0.025836 0.0241345 
0 0.05 0.05 0.05 0 0 0.055 0.24938 -0.967761 0.034264 0.00862748 
0.17593 0.05 0.05 0.05 0 0 0.055 0.24511 0.968851 -0.034302 0.00854294 
0 0.05 0.05 0.05 0 0 0.055 0.6796 0.732731 -0.025943 0.0240035 
0 0.05 0.05 0.05 0 0 0.055 0.947688 0.317219 -0.011231 0.0336482 
0 0.05 0.05 0.05 0 0 0.055 0.983761 -0.17597 0.0062301 0.0347978 
0 0.05 0.05 0.05 0 0 0.055 0.778969 -0.626059 0.022166 0.0276752 
0 0.05 0.05 0.05 0 0 0.055 0.38346 -0.92288 0.032675 0.0135002 
-1.18226e-05 0.05 0.05 0.05 0 0 0.055 0.10594 0.993736 -0.0351839 0.00522966 
0 0.05 0.05 0.05 0 0 0.055 0.569387 0.821296 -0.0290789 0.0206224 
-5.69943e-05 0.05 0.05 0.05 0 0 0.055 0.893437 0.447779 -0.015854 0.0318239 
0.0195384 0.05 0.05 0.05 0 0 0.055 0.998752 -0.0353761 0.0012525 0.0352199 
0 0.05 0.05 0.05 0 0 0.055 0.859517 -0.509868 0.0180519 0.0306281 
0.0525219 0.05 0.05 0.05 0 0 0.055 0.50986 -0.85953 0.030432 0.0179954 
0.0348723 0.05 0.05 0.05 0 0 0.055 -0.0352281 0.998753 -0.0353611 -0.001252 
0 0.05 0.05 0.05 0 0 0.055 0.447791 0.893441 -0.031632 0.0156742 
0.0812403 0.05 0.05 0.05 0 0 0.055 0.821308 0.569379 -0.020159 0.0292277 
0.127368 0.05 0.05 0.05 0 0 0.055 0.993735 0.105919 -0.00375018 0.035462 
0 0.05 0.05 0.05 0 0 0.055 0.922865 -0.383468 0.0135769 0.0329727 
0 0.05 0.05 0.05 0 0 0.055 0.62605 -0.77898 0.02758 0.0221466 
0.156501 0.05 0.05 0.05 0 0 0.055 0.175949 -0.983757 0.0348309 0.00716919 
0.0332115 0.05 0.05 0.05 0 0 0.055 0.31723 0.947691 -0.0335531 0.0109497 
0 0.05 0.05 0.05 0 0 0.055 0.732741 0.679591 -0.024061 0.0258487 
0 0.05 0.05 0.05 0 0 0.055 0.968848 0.2451 -0.00867778 0.0344099 
0.393363 0.05 0.05 0.05 0 0 0.055 0.967746 -0.249399 0.00883007 0.0344852 
-inf 0.05 0.05 0.05 0 0 0.055 0.72972 -0.68283 0.024176 0.0258335 
0 0.05 0.05 0.05 0 0 0.055 0.313021 -0.949092 0.0336031 0.0106009 
-inf 0.05 0.05 0.05 0 0 0.055 0.18032 0.982969 -0.034803 0.00680239 
-0.00224392 0.05 0.05 0.05 0 0 0.055 0.629512 0.776192 -0.0274811 0.0220316 
0.140369 0.05 0.05 0.05 0 0 0.055 0.924572 0.379371 -0.013432 0.0326348 
0.0721588 0.05 0.05 0.05 0 0 0.055 0.993255 -0.110329 0.00390638 0.0354479 
0 0.05 0.05 0.05 0 0 0.055 0.818782 -0.573021 0.020288 0.0288313 
0.037661 0.05 0.05 0.05 0 0 0.055 0.443821 -0.895422 0.0317031 0.0153845 
0 0.05 0.05 0.05 0 0 0.055 0.0397959 0.998578 -0.0353549 0.00304184 
0 0.05 0.05 0.05 0 0 0.055 0.513671 0.857262 -0.0303521 0.0179898 
0.380246 0.05 0.05 0.05 0 0 0.055 0.861781 0.506051 -0.017917 0.0304015 
-0.0586397 0.05 0.05 0.05 0 0 0.055 0.998885 0.0309409 -0.00109549 0.0356336 
0 0.05 0.05 0.05 0 0 0.055 0.891452 -0.451741 0.015994 0.0314322 
0.00564276 0.05 0.05 0.05 0 0 0.055 0.565738 -0.823817 0.0291679 0.0203738 
0 0.05 0.05 0.05 0 0 0.055 0.101519 -0.994193 0.0351998 0.00584505 
0.188169 0.05 0.05 0.05 0 0 0.055 0.38755 0.921171 -0.032614 0.0136401 
0 0.05 0.05 0.05 0 0 0.055 0.78174 0.6226 -0.022043 0.0276725 
0 0.05 0.05 0.05 0 0 0.055 0.984527 0.17159 -0.00607538 0.0350174 
0.17988 0.05 0.05 0.05 0 0 0.055 0.946284 -0.321421 0.01138 0.0332461 
0 0.05 0.05 0.05 0 0 0.055 0.67634 -0.73574 0.026049 0.0238999 
0 0.05 0.05 0.05 0 0 0.055 0.240811 -0.969933 0.0343411 0.0078625 
0.121948 0.05 0.05 0.05 0 0 0.055 0.25368 0.966639 -0.034224 0.00916159 
0 0.05 0.05 0.05 0 0 0.055 0.686063 0.726693 -0.0257291 0.0239334 
0 0.05 0.05 0.05 0 0 0.055 0.950455 0.308808 -0.0109339 0.0339538 
-inf 0.05 0.05 0.05 0 0 0.055 0.982157 -0.184669 0.00653818 0.0349679 
0.103537 0.05 0.05 0.05 0 0 0.055 0.7734 -0.63293 0.022409 0.0273863 
0.184689 0.05 0.05 0.05 0 0 0.055 0.37527 -0.92624 0.032794 0.0132794 
0.0639428 0.05 0.05 0.05 0 0 0.055 0.11473 0.992772 -0.0351491 0.00229001 
0 0.05 0.05 0.05 0 0 0.055 0.576639 0.816229 -0.028899 0.0205596 
-0.00555719 0.05 0.05 0.05 0 0 0.055 0.897367 0.439848 -0.0155729 0.0319948 
0 0.05 0.05 0.05 0 0 0.055 0.998405 -0.0442152 0.00156541 0.0350796 
0 0.05 0.05 0.05 0 0 0.055 0.854983 -0.517462 0.0183211 0.0300186 
0.328396 0.05 0.05 0.05 0 0 0.055 0.50223 -0.86401 0.030591 0.0177673 
0.0598577 0.05 0.05 0.05 0 0 0.055 0.0265187 -0.99901 0.0353706 0.00497859 
0 0.05 0.05 0.05 0 0 0.055 0.45568 0.88944 -0.031491 0.0161486 
0 0.05 0.05 0.05 0 0 0.055 0.826321 0.562091 -0.019901 0.029192 
0 0.05 0.05 0.05 0 0 0.055 0.994637 0.0971207 -0.00343859 0.0354087 
0 0.05 0.05 0.05 0 0 0.055 0.919438 -0.391629 0.013866 0.0326778 
0 0.05 0.05 0.05 0 0 0.055 0.61913 -0.784489 0.027775 0.0219895 
-0.23499 0.05 0.05 0.05 0 0 0.055 0.16724 -0.985279 0.034884 0.00628439 
0.265019 0.05 0.05 0.05 0 0 0.055 0.325609 0.944838 -0.0334529 0.011832 
0.0696734 0.05 0.05 0.05 0 0 0.055 0.738729 0.673069 -0.02383 0.0262624 
0 0.05 0.05 0.05 0 0 0.055 0.970976 0.236509 -0.00837376 0.0346365 
0.138739 0.05 0.05 0.05 0 0 0.055 0.96551 -0.25795 0.009133 0.0341922 
0 0.05 0.05 0.05 0 0 0.055 0.72364 -0.68927 0.024404 0.025622 
-inf 0.05 0.05 0.05 0 0 0.055 0.30461 -0.95182 0.0337 0.0107321 
0 0.05 0.05 0.05 0 0 0.055 0.18901 0.981342 -0.0347451 0.0059488 
0.05783 0.05 0.05 0.05 0 0 0.055 0.636351 0.770591 -0.027283 0.0224309 
0 0.05 0.05 0.05 0 0 0.055 0.92789 0.37117 -0.013141 0.0328836 
0.0536331 0.05 0.05 0.05 0 0 0.055 0.992251 -0.11912 0.0042175 0.0350852 
0 0.05 0.05 0.05 0 0 0.055 0.81367 -0.58025 0.020544 0.0287772 
0.0954294 0.05 0.05 0.05 0 0 0.055 0.43588 -0.899311 0.03184 0.0153165 
0.0903092 0.05 0.05 0.05 0 0 0.055 0.0485276 0.998195 -0.0353412 0.00149192 
0 0.05 0.05 0.05 0 0 0.055 0.521242 0.852683 -0.0301891 0.0181146 
0.308383 0.05 0.05 0.05 0 0 0.055 0.866216 0.498398 -0.0176459 0.0309422 
0.0502053 0.05 0.05 0.05 0 0 0.055 0.999131 0.022098 -0.00078238 0.0353445 
0 0.05 0.05 0.05 0 0 0.055 0.88741 -0.45962 0.016273 0.0314503 
0 0.05 0.05 0.05 0 0 0.055 0.558432 -0.828802 0.0293441 0.0194945 
0 0.05 0.05 0.05 0 0 0.055 0.0927175 -0.995054 0.0352308 0.00540574 
0.125758 0.05 0.05 0.05 0 0 0.055 0.395689 0.917698 -0.0324919 0.0143043 
-0.0502674 0.05 0.05 0.05 0 0 0.055 0.787217 0.615648 -0.0217979 0.0281499 
0 0.05 0.05 0.05 0 0 0.055 0.986007 0.16287 -0.00576658 0.0350726 
-inf 0.05 0.05 0.05 0 0 0.055 0.943386 -0.329779 0.0116759 0.0336555 
0 0.05 0.05 0.05 0 0 0.055 0.669801 -0.741701 0.02626 0.0235929 
0 0.05 0.05 0.05 0 0 0.055 0.23221 -0.972018 0.0344149 0.00866536 
0 0.05 0.05 0.05 0 0 0.055 0.262231 0.964363 -0.0341431 0.00856006 
0 0.05 0.05 0.05 0 0 0.055 0.692461 0.720591 -0.025513 0.024403 
0 0.05 0.05 0.05 0 0 0.055 0.95316 0.30039 -0.010635 0.033744 
0 0.05 0.05 0.05 0 0 0.055 0.980488 -0.19335 0.00684569 0.0348055 
0.164173 0.05 0.05 0.05 0 0 0.055 0.76776 -0.63976 0.022651 0.0271735 
0.177799 0.05 0.05 0.05 0 0 0.055 0.367059 -0.929516 0.0329099 0.0135778 
0.0307946 0.05 0.05 0.05 0 0 0.055 0.12351 0.991707 -0.0351119 0.00542047 
0 0.05 0.05 0.05 0 0 0.055 0.583841 0.811102 -0.0287171 0.0204624 
0 0.05 0.05 0.05 0 0 0.055 0.901228 0.431889 -0.015291 0.0320201 
0.191456 0.05 0.05 0.05 0 0 0.055 0.997955 -0.0530497 0.00187829 0.0356042 
0 0.05 0.05 0.05 0 0 0.055 0.85036 -0.52501 0.018588 0.0301211 
0.479509 0.05 0.05 0.05 0 0 0.055 0.494559 -0.868418 0.0307469 0.017803 
0 0.05 0.05 0.05 0 0 0.055 -0.0176095 0.999219 -0.035378 -0.000625819 
0 0.05 0.05 0.05 0 0 0.055 0.46354 0.885371 -0.031347 0.0163293 
-0.024721 0.05 0.05 0.05 0 0 0.055 0.831257 0.554748 -0.0196409 0.0296788 
0.0662225 0.05 0.05 0.05 0 0 0.055 0.995456 0.0883126 -0.00312679 0.035478 
-inf 0.05 0.05 0.05 0 0 0.055 0.915939 -0.39975 0.014153 0.0324878 
0 0.05 0.05 0.05 0 0 0.055 0.612159 -0.789939 0.027968 0.0218105 
0 0.05 0.05 0.05 0 0 0.055 0.158509 -0.986716 0.0349349 0.00672959 
0.062396 0.05 0.05 0.05 0 0 0.055 0.333959 0.941917 -0.0333489 0.0122865 
-inf 0.05 0.05 0.05 0 0 0.055 0.744662 0.666512 -0.0235981 0.0261347 
0 0.05 0.05 0.05 0 0 0.055 0.973041 0.22791 -0.00806921 0.034399 
0.277407 0.05 0.05 0.05 0 0 0.055 0.963192 -0.266491 0.00943522 0.0339887 
0.0962411 0.05 0.05 0.05 0 0 0.055 0.717505 -0.695636 0.0246298 0.0258916 
0 0.05 0.05 0.05 0 0 0.055 0.29617 -0.95448 0.033794 0.0104164 
0.0728487 0.05 0.05 0.05 0 0 0.055 0.197691 0.979633 -0.0346841 0.00582162 
-inf 0.05 0.05 0.05 0 0 0.055 0.643154 0.764934 -0.0270822 0.0222538 
0.0560734 0.05 0.05 0.05 0 0 0.055 0.93114 0.36294 -0.01285 0.0329946 
0.0218915 0.05 0.05 0.05 0 0 0.055 0.991164 -0.127901 0.00452832 0.0348497 
0.147832 0.05 0.05 0.05 0 0 0.055 0.808499 -0.587429 0.020798 0.0286878 
0 0.05 0.05 0.05 0 0 0.055 0.427899 -0.903127 0.0319759 0.0155332 
0 0.05 0.05 0.05 0 0 0.055 0.057467 0.99772 -0.035325 0.00220677 
0 0.05 0.05 0.05 0 0 0.055 0.528758 0.848027 -0.0300249 0.0190417 
0.220626 0.05 0.05 0.05 0 0 0.055 0.870597 0.490708 -0.0173739 0.0310627 
0 0.05 0.05 0.05 0 0 0.055 0.999294 0.0132531 -0.000469242 0.0351509 
0 0.05 0.05 0.05 0 0 0.055 0.883309 -0.46745 0.01655 0.0313371 
0.0270549 0.05 0.05 0.05 0 0 0.055 0.551071 -0.833711 0.029518 0.0193829 
0 0.05 0.05 0.05 0 0 0.055 0.0838022 -0.995854 0.0352581 0.00297081 
0.246798 0.05 0.05 0.05 0 0 0.055 0.403799 0.914158 -0.0323659 0.0146531 
0.232129 0.05 0.05 0.05 0 0 0.055 0.792639 0.608659 -0.02155 0.0281653 
0 0.05 0.05 0.05 0 0 0.055 0.987425 0.154141 -0.00545743 0.0346918 
0.317877 0.05 0.05 0.05 0 0 0.055 0.940442 -0.338121 0.011971 0.0331612 
0 0.05 0.05 0.05 0 0 0.055 0.663212 -0.747602 0.0264691 0.0232584 
0 0.05 0.05 0.05 0 0 0.055 0.2236 -0.974041 0.034486 0.00755798 
0 0.05 0.05 0.05 0 0 0.055 0.27075 0.962001 -0.03406 0.00942562 
0.00240579 0.05 0.05 0.05 0 0 0.055 0.698809 0.714429 -0.025295 0.0248372 
0 0.05 0.05 0.05 0 0 0.055 0.955778 0.291939 -0.010336 0.0339478 
0.0703988 0.05 0.05 0.05 0 0 0.055 0.978738 -0.20202 0.00715269 0.0347666 
-0.0072646 0.05 0.05 0.05 0 0 0.055 0.762071 -0.646531 0.022891 0.026844 
0 0.05 0.05 0.05 0 0 0.055 0.358821 -0.932743 0.0330241 0.0120998 
0.0762655 0.05 0.05 0.05 0 0 0.055 0.13228 0.990579 -0.035072 0.00495772 
0.142648 0.05 0.05 0.05 0 0 0.055 0.591002 0.805903 -0.0285331 0.0205524 
0.0580544 0.05 0.05 0.05 0 0 0.055 0.905022 0.423901 -0.015008 0.0319056 
0 0.05 0.05 0.05 0 0 0.055 0.997464 -0.0618822 0.00219091 0.0350948 
0 0.05 0.05 0.05 0 0 0.055 0.845677 -0.532508 0.0188539 0.030157 
0.289672 0.05 0.05 0.05 0 0 0.055 0.486863 -0.872775 0.0309012 0.016534 
0.0465153 0.05 0.05 0.05 0 0 0.055 0.00882651 -0.998856 0.0353652 0.030959 
0 0.05 0.05 0.05 0 0 0.055 0.47136 0.881229 -0.0312 0.0167774 
0.182678 0.05 0.05 0.05 0 0 0.055 0.836138 0.547369 -0.01938 0.0297391 
0.219351 0.05 0.05 0.05 0 0 0.055 0.996213 0.0794993 -0.00281471 0.0350891 
0 0.05 0.05 0.05 0 0 0.055 0.912372 -0.407841 0.01444 0.0321644 
-inf 0.05 0.05 0.05 0 0 0.055 0.605152 -0.795333 0.0281591 0.0210371 
0 0.05 0.05 0.05 0 0 0.055 0.14977 -0.988092 0.0349841 0.00437876 
0.0591961 0.05 0.05 0.05 0 0 0.055 0.342279 0.938929 -0.033243 0.0123574 
0 0.05 0.05 0.05 0 0 0.055 0.750531 0.659891 -0.023364 0.0264942 
0 0.05 0.05 0.05 0 0 0.055 0.975022 0.21929 -0.00776402 0.0344028 
0 0.05 0.05 0.05 0 0 0.055 0.96079 -0.27501 0.0097367 0.0340204 
0.0909973 0.05 0.05 0.05 0 0 0.055 0.711331 -0.701971 0.0248531 0.0250181 
0 0.05 0.05 0.05 0 0 0.055 0.287709 -0.957056 0.0338849 0.0108893 
-0.036908 0.05 0.05 0.05 0 0 0.055 0.20635 0.977842 -0.0346211 0.00684346 
0 0.05 0.05 0.05 0 0 0.055 0.649888 0.759198 -0.0268799 0.023286 
0 0.05 0.05 0.05 0 0 0.055 0.934306 0.354689 -0.012558 0.0333168 
0.15367 0.05 0.05 0.05 0 0 0.055 0.989976 -0.136669 0.00483868 0.0353055 
0 0.05 0.05 0.05 0 0 0.055 0.803268 -0.594559 0.021051 0.0285713 
0.344289 0.05 0.05 0.05 0 0 0.055 0.419888 -0.906876 0.0321088 0.0154759 
0.0580909 0.05 0.05 0.05 0 0 0.055 0.0662947 0.997165 -0.0353048 0.00448236 
0 0.05 0.05 0.05 0 0 0.055 0.536251 0.843322 -0.0298581 0.018741 
0.177866 0.05 0.05 0.05 0 0 0.055 0.874909 0.48299 -0.0171 0.0310147 
0.106556 0.05 0.05 0.05 0 0 0.055 0.999356 0.00440788 -0.000156059 0.035614 
0 0.05 0.05 0.05 0 0 0.055 0.879141 -0.47525 0.016827 0.0310721 
0 0.05 0.05 0.05 0 0 0.055 0.543669 -0.838548 0.0296889 0.0195018 
0 0.05 0.05 0.05 0 0 0.055 0.0750891 -0.996551 0.035283 0.00182408 
0 0.05 0.05 0.05 0 0 0.055 0.411868 0.910545 -0.0322388 0.0152538 
0.157796 0.05 0.05 0.05 0 0 0.055 0.798001 0.601621 -0.021301 0.0281614 
0 0.05 0.05 0.05 0 0 0.055 0.988739 0.14539 -0.00514769 0.0350918 
0.0944107 0.05 0.05 0.05 0 0 0.055 0.937412 -0.346431 0.012266 0.0330921 
0 0.05 0.05 0.05 0 0 0.055 0.656558 -0.753438 0.0266759 0.0234674 
0 0.05 0.05 0.05 0 0 0.055 0.21497 -0.97598 0.034555 0.0074747 
0.229013 0.05 0.05 0.05 0 0 0.055 0.279248 0.959554 -0.0339738 0.0111064 
0.0129123 0.05 0.05 0.05 0 0 0.055 0.705113 0.708223 -0.0250751 0.0246572 
0 0.05 0.05 0.05 0 0 0.055 0.958332 0.283471 -0.010036 0.0338241 
0 0.05 0.05 0.05 0 0 0.055 0.976906 -0.210679 0.00745917 0.0348428 
0.0272007 0.05 0.05 0.05 0 0 0.055 0.756323 -0.653252 0.0231281 0.0264991 
0 0.05 0.05 0.05 0 0 0.055 0.350551 -0.935884 0.0331351 0.011715 
0 0.05 0.05 0.05 0 0 0.055 0.14105 0.98937 -0.035029 0.00498013 
0 0.05 0.05 0.05 0 0 0.055 0.598109 0.800628 -0.0283469 0.0213675 
0 0.05 0.05 0.05 0 0 0.055 0.908725 0.415868 -0.0147239 0.0324836 
0 0.05 0.05 0.05 0 0 0.055 0.996871 -0.0707081 0.0025034 0.0352547 
0 0.05 0.05 0.05 0 0 0.055 0.840944 -0.539983 0.0191181 0.0294224 
0.643401 0.05 0.05 0.05 0 0 0.055 0.479109 -0.877039 0.031052 0.017109 
0 0.05 0.05 0.05 0 0 0.055 1.04806e-06 0.0695343 -0.00246188 0.997577 
-0.0208751 0.05 0.05 0.05 0 0 0.055 0.479142 0.877034 -0.0310511 0.0164511 
0.117569 0.05 0.05 0.05 0 0 0.055 0.840948 0.539949 -0.019117 0.0299467 
0.0145928 0.05 0.05 0.05 0 0 0.055 0.996869 0.0706779 -0.0025024 0.035375 
0 0.05 0.05 0.05 0 0 0.055 0.908719 -0.415899 0.014725 0.0322722 
0 0.05 0.05 0.03 -0 0.02 0.055 0.999366 -2.74339e-17 0 0.035599 
0 0.05 0.05 0.03 -0 0.02 0.055 0.999344 -0.00872114 0.000308771 0.0351426 
0 0.05 0.05 0.03 -0 0.02 0.055 0.999218 -0.017441 0.000617519 0.0354689 
0 0.05 0.05 0.03 -0 0.02 0.055 0.999029 -0.026161 0.000926229 0.0354472 
0 0.05 0.05 0.03 -0 0.02 0.055 0.998775 -0.0348782 0.00123491 0.0350798 
0 0.05 0.05 0.03 -0 0.02 0.055 0.998417 -0.0435919 0.0015434 0.035498 
0 0.05 0.05 0.03 -0 0.02 0.055 0.997996 -0.0523028 0.00185179 0.0355727 
0 0.05 0.05 0.03 -0 0.02 0.055 0.99751 -0.06101 0.0021601 0.0353063 
0 0.05 0.05 0.03 -0 0.02 0.055 0.996941 -0.069713 0.0024682 0.035262 
0 0.05 0.05 0.03 -0 0.02 0.055 0.996287 -0.0784098 0.00277609 0.0354481 
0 0.05 0.05 0.03 -0 0.02 0.055 0.995569 -0.0871009 0.0030839 0.0352997 
0 0.05 0.05 0.03 -0 0.02 0.055 0.994767 -0.0957857 0.00339129 0.0353829 
0 0.05 0.05 0.03 -0 0.02 0.055 0.993901 -0.10446 0.0036986 0.0351593 
0 0.05 0.05 0.03 -0 0.02 0.055 0.99295 -0.11313 0.0040055 0.0351535 
0 0.05 0.05 0.03 -0 0.02 0.055 0.991915 -0.121789 0.00431208 0.0354027 
0 0.05 0.05 0.03 -0 0.02 0.055 0.990815 -0.130439 0.00461838 0.035341 
0 0.05 0.05 0.03 -0 0.02 0.055 0.989653 -0.13909 0.00492441 0.0348926 
0 0.05 0.05 0.03 -0 0.02 0.055 0.988404 -0.147721 0.00523002 0.0347734 
0 0.05 0.05 0.03 -0 0.02 0.055 0.987071 -0.15634 0.0055352 0.0349085 
0 0.05 0.05 0.03 -0 0.02 0.055 0.985671 -0.16494 0.00583991 0.0348256 
0 0.05 0.05 0.03 -0 0.02 0.055 0.984189 -0.17354 0.00614419 0.034901 
0 0.05 0.05 0.03 -0 0.02 0.055 0.982641 -0.18212 0.0064481 0.0347607 
0 0.05 0.05 0.03 -0 0.02 0.055 0.981008 -0.19069 0.00675138 0.0348694 
0 0.05 0.05 0.03 -0 0.02 0.055 0.979308 -0.19924 0.00705429 0.03477 
0 0.05 0.05 0.03 -0 0.02 0.055 0.977544 -0.207781 0.00735663 0.0343515 
0 0.05 0.05 0.03 -0 0.02 0.055 0.975675 -0.216299 0.00765826 0.0348586 
0 0.05 0.05 0.03 -0 0.02 0.055 0.97376 -0.22481 0.0079595 0.0344754 
0 0.05 0.05 0.03 -0 0.02 0.055 0.971759 -0.2333 0.00826009 0.0344528 
0 0.05 0.05 0.03 -0 0.02 0.055 0.969692 -0.24177 0.00856001 0.0342334 
0 0.05 0.05 0.03 -0 0.02 0.055 0.967538 -0.250219 0.00885928 0.0343826 
0 0.05 0.05 0.03 -0 0.02 0.055 0.96532 -0.25866 0.0091579 0.0341867 
0 0.05 0.05 0.03 -0 0.02 0.055 0.963032 -0.267071 0.00945582 0.0339461 
0 0.05 0.05 0.03 -0 0.02 0.055 0.960659 -0.27546 0.00975289 0.0340762 
0 0.05 0.05 0.03 -0 0.02 0.055 0.958221 -0.28384 0.010049 0.0338473 
0 0.05 0.05 0.03 -0 0.02 0.055 0.955714 -0.292191 0.010345 0.0335841 
0 0.05 0.05 0.03 -0 0.02 0.055 0.953121 -0.30052 0.01064 0.0336866 
0 0.05 0.05 0.03 -0 0.02 0.055 0.950458 -0.308819 0.010934 0.0337714 
0 0.05 0.05 0.03 -0 0.02 0.055 0.947731 -0.31711 0.011227 0.033469 
0 0.05 0.05 0.03 -0 0.02 0.055 0.944932 -0.325361 0.01152 0.033341 
0 0.05 0.05 0.03 -0 0.02 0.055 0.94205 -0.3336 0.011811 0.0333794 
0 0.05 0.05 0.03 -0 0.02 0.055 0.939098 -0.341809 0.012102 0.0334041 
0 0.05 0.05 0.03 -0 0.02 0.055 0.936094 -0.349992 0.0123911 0.032858 
0 0.05 0.05 0.03 -0 0.02 0.055 0.933002 -0.358141 0.01268 0.032875 
0 0.05 0.05 0.03 -0 0.02 0.055 0.929825 -0.366268 0.0129679 0.0332397 
0 0.05 0.05 0.03 -0 0.02 0.055 0.926596 -0.374369 0.0132549 0.033037 
0 0.05 0.05 0.03 -0 0.02 0.055 0.923298 -0.382439 0.013541 0.0328356 
-2.31583e+130 0.05 0.05 0.03 -0 0.02 0.055 0.919933 -0.390491 0.013825 0.0323988 
0 0.05 0.05 0.03 -0 0.02 0.055 0.916494 -0.398502 0.0141091 0.0321973 
0 0.05 0.05 0.03 -0 0.02 0.055 0.912966 -0.406478 0.0143919 0.0325657 
0.000713183 0.05 0.05 0.03 -0 0.02 0.055 0.909387 -0.414429 0.014673 0.0323727 
0.000786091 0.05 0.05 0.03 -0 0.02 0.055 0.905738 -0.422349 0.014954 0.0321787 
-inf 0.05 0.05 0.03 -0 0.02 0.055 0.902019 -0.43024 0.015233 0.0319832 
0 0.05 0.05 0.03 -0 0.02 0.055 0.89823 -0.4381 0.015511 0.03178 
0 0.05 0.05 0.03 -0 0.02 0.055 0.894367 -0.445919 0.015788 0.0318447 
0 0.05 0.05 0.03 -0 0.02 0.055 0.890453 -0.453711 0.016064 0.0313377 
0 0.05 0.05 0.03 -0 0.02 0.055 0.886464 -0.461462 0.0163381 0.0311107 
0 0.05 0.05 0.03 -0 0.02 0.055 0.882387 -0.469179 0.0166109 0.0314348 
0 0.05 0.05 0.03 -0 0.02 0.055 0.878272 -0.476861 0.016883 0.0309154 
0 0.05 0.05 0.03 -0 0.02 0.055 0.87407 -0.48451 0.017154 0.0309379 
0 0.05 0.05 0.03 -0 0.02 0.055 0.869812 -0.492121 0.017424 0.0306818 
0 0.05 0.05 0.03 -0 0.02 0.055 0.865479 -0.499689 0.017692 0.0307171 
0 0.05 0.05 0.03 -0 0.02 0.055 0.86109 -0.50722 0.017958 0.0304849 
0 0.05 0.05 0.03 -0 0.02 0.055 0.856632 -0.514721 0.018224 0.0302104 
0 0.05 0.05 0.03 -0 0.02 0.055 0.852112 -0.522171 0.018488 0.0300055 
0 0.05 0.05 0.03 -0 0.02 0.055 0.847523 -0.529592 0.0187501 0.0297505 
0 0.05 0.05 0.03 -0 0.02 0.055 0.842856 -0.536958 0.0190109 0.030144 
0 0.05 0.05 0.03 -0 0.02 0.055 0.838154 -0.544303 0.0192711 0.0293419 
0 0.05 0.05 0.03 -0 0.02 0.055 0.833357 -0.551588 0.0195289 0.0297633 
0 0.05 0.05 0.03 -0 0.02 0.055 0.82852 -0.55884 0.019786 0.0293509 
0 0.05 0.05 0.03 -0 0.02 0.055 0.823609 -0.566049 0.020041 0.0292292 
0 0.05 0.05 0.03 -0 0.02 0.055 0.818642 -0.573221 0.020295 0.0288261 
0 0.05 0.05 0.03 -0 0.02 0.055 0.813613 -0.580342 0.0205471 0.0285384 
0 0.05 0.05 0.03 -0 0.02 0.055 0.808511 -0.587421 0.020798 0.0285324 
0 0.05 0.05 0.03 -0 0.02 0.055 0.803348 -0.594448 0.0210469 0.0286537 
0 0.05 0.05 0.03 -0 0.02 0.055 0.798144 -0.601443 0.0212941 0.0279226 
0 0.05 0.05 0.03 -0 0.02 0.055 0.792862 -0.608382 0.0215401 0.0278874 
0 0.05 0.05 0.03 -0 0.02 0.055 0.787524 -0.615283 0.0217841 0.027553 
0 0.05 0.05 0.03 -0 0.02 0.055 0.782119 -0.622119 0.022027 0.0278004 
0 0.05 0.05 0.03 -0 0.02 0.055 0.776662 -0.628932 0.0222671 0.0272923 
0 0.05 0.05 0.03 -0 0.02 0.055 0.771139 -0.635679 0.022507 0.0273769 
0 0.05 0.05 0.03 -0 0.02 0.055 0.76556 -0.64239 0.022744 0.027142 
0 0.05 0.05 0.03 -0 0.02 0.055 0.759929 -0.64904 0.02298 0.0269603 
0 0.05 0.05 0.03 -0 0.02 0.055 0.754243 -0.655652 0.0232131 0.0264477 
0 0.05 0.05 0.03 -0 0.02 0.055 0.748494 -0.662214 0.0234461 0.0260726 
0 0.05 0.05 0.03 -0 0.02 0.055 0.742679 -0.66871 0.023676 0.0263472 
0 0.05 0.05 0.03 -0 0.02 0.055 0.736824 -0.675173 0.0239051 0.0256953 
0 0.05 0.05 0.03 -0 0.02 0.055 0.730902 -0.681572 0.0241311 0.0257061 
0 0.05 0.05 0.03 -0 0.02 0.055 0.724918 -0.687918 0.0243559 0.025865 
0 0.05 0.05 0.03 -0 0.02 0.055 0.718889 -0.694219 0.024579 0.0256013 
0 0.05 0.05 0.03 -0 0.02 0.055 0.712798 -0.700468 0.0247999 0.0254744 
0 0.05 0.05 0.03 -0 0.02 0.055 0.706656 -0.706656 0.0250199 0.025471 
0 0.05 0.05 0.03 -0 0.02 0.055 0.700468 -0.712798 0.0252369 0.0250416 
0 0.05 0.05 0.03 -0 0.02 0.055 0.694219 -0.718889 0.025453 0.0247326 
0 0.05 0.05 0.03 -0 0.02 0.055 0.687918 -0.724918 0.0256659 0.0245657 
0 0.05 0.05 0.03 -0 0.02 0.055 0.681572 -0.730902 0.0258781 0.0239466 
0 0.05 0.05 0.03 -0 0.02 0.055 0.675173 -0.736824 0.0260871 0.0234775 
0 0.05 0.05 0.03 -0 0.02 0.055 0.66871 -0.742679 0.026295 0.023734 
0 0.05 0.05 0.03 -0 0.02 0.055 0.662214 -0.748494 0.0265001 0.0229629 
0 0.05 0.05 0.03 -0 0.02 0.055 0.655652 -0.754243 0.0267041 0.0229181 
0 0.05 0.05 0.03 -0 0.02 0.055 0.64904 -0.759929 0.026906 0.0230435 
0 0.05 0.05 0.03 -0 0.02 0.055 0.64239 -0.76556 0.027105 0.0227881 
0 0.05 0.05 0.03 -0 0.02 0.055 0.635679 -0.771139 0.027303 0.0225967 
0 0.05 0.05 0.03 -0 0.02 0.055 0.628932 -0.776662 0.0274981 0.0220129 
0 0.05 0.05 0.03 -0 0.02 0.055 0.622119 -0.782119 0.027691 0.0221646 
0 0.05 0.05 0.03 -0 0.02 0.055 0.615283 -0.787524 0.0278821 0.0213628 
0 0.05 0.05 0.03 -0 0.02 0.055 0.608382 -0.792862 0.0280711 0.0213007 
0 0.05 0.05 0.03 -0 0.02 0.055 0.601443 -0.798144 0.0282581 0.0208488 
0 0.05 0.05 0.03 -0 0.02 0.055 0.594448 -0.803348 0.0284429 0.0213318 
0 0.05 0.05 0.03 -0 0.02 0.055 0.587421 -0.808511 0.028626 0.0206691 
0 0.05 0.05 0.03 -0 0.02 0.055 0.580342 -0.813613 0.0288061 0.0201717 
0 0.05 0.05 0.03 -0 0.02 0.055 0.573221 -0.818642 0.0289841 0.0200695 
0 0.05 0.05 0.03 -0 0.02 0.055 0.566049 -0.823609 0.02916 0.0201417 
0 0.05 0.05 0.03 -0 0.02 0.055 0.55884 -0.82852 0.029334 0.019811 
0 0.05 0.05 0.03 -0 0.02 0.055 0.551588 -0.833357 0.0295059 0.0199179 
0 0.05 0.05 0.03 -0 0.02 0.055 0.544303 -0.838154 0.0296751 0.0187579 
0 0.05 0.05 0.03 -0 0.02 0.055 0.536958 -0.842856 0.0298419 0.0194851 
0 0.05 0.05 0.03 -0 0.02 0.055 0.529592 -0.847523 0.0300071 0.0183393 
0 0.05 0.05 0.03 -0 0.02 0.055 0.522171 -0.852112 0.0301691 0.0182211 
0 0.05 0.05 0.03 -0 0.02 0.055 0.514721 -0.856632 0.0303291 0.0180266 
0 0.05 0.05 0.03 -0 0.02 0.055 0.50722 -0.86109 0.030487 0.0179545 
0 0.05 0.05 0.03 -0 0.02 0.055 0.499689 -0.865479 0.030643 0.0178205 
0 0.05 0.05 0.03 -0 0.02 0.055 0.492121 -0.869812 0.0307961 0.017222 
0 0.05 0.05 0.03 -0 0.02 0.055 0.48451 -0.87407 0.030947 0.0171376 
0 0.05 0.05 0.03 -0 0.02 0.055 0.476861 -0.878272 0.0310951 0.0165521 
0 0.05 0.05 0.03 -0 0.02 0.055 0.469179 -0.882387 0.0312419 0.0169738 
0 0.05 0.05 0.03 -0 0.02 0.055 0.461462 -0.886464 0.0313851 0.015811 
0 0.05 0.05 0.03 -0 0.02 0.055 0.453711 -0.890453 0.0315271 0.0156924 
0 0.05 0.05 0.03 -0 0.02 0.055 0.445919 -0.894367 0.0316659 0.0161465 
0 0.05 0.05 0.03 -0 0.02 0.055 0.4381 -0.89823 0.031802 0.0154658 
0 0.05 0.05 0.03 -0 0.02 0.055 0.43024 -0.902019 0.031936 0.0153321 
0 0.05 0.05 0.03 -0 0.02 0.055 0.422349 -0.905738 0.0320679 0.0151914 
0 0.05 0.05 0.03 -0 0.02 0.055 0.414429 -0.909387 0.0321969 0.0150586 
0 0.05 0.05 0.03 -0 0.02 0.055 0.406478 -0.912966 0.0323239 0.0149352 
0 0.05 0.05 0.03 -0 0.02 0.055 0.398502 -0.916494 0.0324491 0.0135299 
0 0.05 0.05 0.03 -0 0.02 0.055 0.390491 -0.919932 0.0325701 0.0134214 
0 0.05 0.05 0.03 -0 0.02 0.055 0.382439 -0.923298 0.0326899 0.0138926 
0 0.05 0.05 0.03 -0 0.02 0.055 0.374369 -0.926596 0.0328069 0.0138245 
0 0.05 0.05 0.03 -0 0.02 0.055 0.366268 -0.929825 0.0329208 0.0137774 
0 0.05 0.05 0.03 -0 0.02 0.055 0.358141 -0.933002 0.0330331 0.0122683 
0 0.05 0.05 0.03 -0 0.02 0.055 0.349992 -0.936094 0.0331421 0.011631 
0 0.05 0.05 0.03 -0 0.02 0.055 0.341809 -0.939097 0.0332489 0.0125283 
0 0.05 0.05 0.03 -0 0.02 0.055 0.3336 -0.94205 0.033354 0.0118828 
0 0.05 0.05 0.03 -0 0.02 0.055 0.325361 -0.944932 0.0334561 0.0111859 
0 0.05 0.05 0.03 -0 0.02 0.055 0.31711 -0.947731 0.033555 0.0109697 
0 0.05 0.05 0.03 -0 0.02 0.055 0.308819 -0.950458 0.0336509 0.0113047 
0 0.05 0.05 0.03 -0 0.02 0.055 0.30052 -0.953121 0.033746 0.0104514 
0 0.05 0.05 0.03 -0 0.02 0.055 0.292191 -0.955714 0.0338371 0.00951741 
0 0.05 0.05 0.03 -0 0.02 0.055 0.28384 -0.958221 0.033926 0.00978333 
0 0.05 0.05 0.03 -0 0.02 0.055 0.27546 -0.960659 0.034013 0.00997329 
0 0.05 0.05 0.03 -0 0.02 0.055 0.267071 -0.963032 0.0340961 0.00891487 
0 0.05 0.05 0.03 -0 0.02 0.055 0.25866 -0.96532 0.034178 0.00919057 
0 0.05 0.05 0.03 -0 0.02 0.055 0.250219 -0.967538 0.0342559 0.00934908 
0 0.05 0.05 0.03 -0 0.02 0.055 0.24177 -0.969692 0.0343321 0.00816412 
0 0.05 0.05 0.03 -0 0.02 0.055 0.2333 -0.971759 0.034406 0.00845504 
0 0.05 0.05 0.03 -0 0.02 0.055 0.22481 -0.97376 0.034476 0.00795675 
0 0.05 0.05 0.03 -0 0.02 0.055 0.216299 -0.975674 0.0345448 0.00907383 
0 0.05 0.05 0.03 -0 0.02 0.055 0.207781 -0.977544 0.0346101 0.0061398 
0 0.05 0.05 0.03 -0 0.02 0.055 0.19924 -0.979308 0.0346729 0.00753147 
0 0.05 0.05 0.03 -0 0.02 0.055 0.19069 -0.981007 0.0347329 0.00745362 
0 0.05 0.05 0.03 -0 0.02 0.055 0.18212 -0.982641 0.034791 0.00628438 
0 0.05 0.05 0.03 -0 0.02 0.055 0.17354 -0.984189 0.034846 0.00645626 
0 0.05 0.05 0.03 -0 0.02 0.055 0.16494 -0.985671 0.034898 0.00540714 
0 0.05 0.05 0.03 -0 0.02 0.055 0.15634 -0.987071 0.034948 0.00528559 
0 0.05 0.05 0.03 -0 0.02 0.055 0.14772 -0.988403 0.0349951 0.00374601 
0 0.05 0.05 0.03 -0 0.02 0.055 0.13909 -0.989652 0.0350391 0.00388228 
0 0.05 0.05 0.03 -0 0.02 0.055 0.130439 -0.990814 0.0350808 0.00659476 
0 0.05 0.05 0.03 -0 0.02 0.055 0.121789 -0.991912 0.0351187 0.00662441 
0 0.05 0.05 0.03 -0 0.02 0.055 0.11313 -0.99295 0.035156 0.00398359 
0 0.05 0.05 0.03 -0 0.02 0.055 0.10446 -0.9939 0.035189 0.00341553 
0 0.05 0.05 0.03 -0 0.02 0.055 0.0957856 -0.994766 0.0352198 0.00508384 
0 0.05 0.05 0.03 -0 0.02 0.055 0.0871009 -0.995569 0.035249 0.00366383 
0 0.05 0.05 0.03 -0 0.02 0.055 0.0784096 -0.996284 0.0352738 0.00498997 
-inf 0.05 0.05 0.03 -0 0.02 0.055 0.069713 -0.99694 0.035297 0.00196735 
0 0.05 0.05 0.03 -0 0.02 0.055 0.06101 -0.99751 0.035317 0.0019857 
0 0.05 0.05 0.03 -0 0.02 0.055 0.0523022 -0.997986 0.0353345 0.00639043 
-0.034743 0.05 0.05 0.03 -0 0.02 0.055 0.0435916 -0.998412 0.0353497 0.00493623 
0 0.05 0.05 0.03 -0 0.02 0.055 -0.0347468 0.99877 -0.035362 -0.0012349 
0 0.05 0.05 0.03 -0 0.02 0.055 0.0261609 -0.999024 0.0353708 0.00383654 
0 0.05 0.05 0.03 -0 0.02 0.055 0.0174407 -0.999205 0.0353775 0.00583006 
0 0.05 0.05 0.03 -0 0.02 0.055 -0.00868827 0.999336 -0.0353819 -0.000308769 
0 0.05 0.05 0.03 -0 0.02 0.055 0 0 0 1 
0 0.05 0.05 0.03 -0 0.02 0.055 0.00868827 0.999336 -0.0353819 0.000308769 
0 0.05 0.05 0.03 -0 0.02 0.055 0.0174407 0.999205 -0.0353775 0.00583006 
-0.346209 0.05 0.05 0.03 -0 0.02 0.055 0.0261609 0.999024 -0.0353708 0.00383654 
0 0.05 0.05 0.03 -0 0.02 0.055 0.0347468 0.99877 -0.035362 0.0012349 
0 0.05 0.05 0.03 -0 0.02 0.055 0.0435916 0.998412 -0.0353497 0.00493623 
0 0.05 0.05 0.03 -0 0.02 0.055 0.0523022 0.997986 -0.0353345 0.00639043 
0 0.05 0.05 0.03 -0 0.02 0.055 0.06101 0.99751 -0.035317 0.0019857 
0 0.05 0.05 0.03 -0 0.02 0.055 0.069713 0.99694 -0.035297 0.00196735 
0 0.05 0.05 0.03 -0 0.02 0.055 0.0784096 0.996284 -0.0352738 0.00498997 
0 0.05 0.05 0.03 -0 0.02 0.055 0.0871009 0.995569 -0.035249 0.00366383 
-0.274017 0.05 0.05 0.03 -0 0.02 0.055 0.0957856 0.994766 -0.0352198 0.00508384 
0 0.05 0.05 0.03 -0 0.02 0.055 0.10446 0.9939 -0.035189 0.00341553 
0 0.05 0.05 0.03 -0 0.02 0.055 0.11313 0.99295 -0.035156 0.00398359 
0 0.05 0.05 0.03 -0 0.02 0.055 0.121789 0.991912 -0.0351187 0.00662441 
0 0.05 0.05 0.03 -0 0.02 0.055 0.130439 0.990814 -0.0350808 0.00659476 
0 0.05 0.05 0.03 -0 0.02 0.055 0.13909 0.989652 -0.0350391 0.00388228 
0 0.05 0.05 0.03 -0 0.02 0.055 0.14772 0.988403 -0.0349951 0.00374601 
-0.0970585 0.05 0.05 0.03 -0 0.02 0.055 0.15634 0.987071 -0.034948 0.00528559 
0 0.05 0.05 0.03 -0 0.02 0.055 0.16494 0.985671 -0.034898 0.00540714 
0 0.05 0.05 0.03 -0 0.02 0.055 0.17354 0.984189 -0.034846 0.00645626 
0 0.05 0.05 0.03 -0 0.02 0.055 0.18212 0.982641 -0.034791 0.00628438 
0 0.05 0.05 0.03 -0 0.02 0.055 0.19069 0.981007 -0.0347329 0.00745362 
0.0441193 0.05 0.05 0.03 -0 0.02 0.055 0.19924 0.979308 -0.0346729 0.00753147 
0 0.05 0.05 0.03 -0 0.02 0.055 0.207781 0.977544 -0.0346101 0.0061398 
0 0.05 0.05 0.03 -0 0.02 0.055 0.216299 0.975674 -0.0345448 0.00907383 
0 0.05 0.05 0.03 -0 0.02 0.055 0.22481 0.97376 -0.034476 0.00795675 
0 0.05 0.05 0.03 -0 0.02 0.055 0.2333 0.971759 -0.034406 0.00845504 
0 0.05 0.05 0.03 -0 0.02 0.055 0.24177 0.969692 -0.0343321 0.00816412 
0 0.05 0.05 0.03 -0 0.02 0.055 0.250219 0.967538 -0.0342559 0.00934908 
0 0.05 0.05 0.03 -0 0.02 0.055 0.25866 0.96532 -0.034178 0.00919057 
0 0.05 0.05 0.03 -0 0.02 0.055 0.267071 0.963032 -0.0340961 0.00891487 
0 0.05 0.05 0.03 -0 0.02 0.055 0.27546 0.960659 -0.034013 0.00997329 
0 0.05 0.05 0.03 -0 0.02 0.055 0.28384 0.958221 -0.033926 0.00978333 
0 0.05 0.05 0.03 -0 0.02 0.055 0.292191 0.955714 -0.0338371 0.00951741 
-0.00268444 0.05 0.05 0.03 -0 0.02 0.055 0.30052 0.953121 -0.033746 0.0104514 
0 0.05 0.05 0.03 -0 0.02 0.055 0.308819 0.950458 -0.0336509 0.0113047 
0 0.05 0.05 0.03 -0 0.02 0.055 0.31711 0.947731 -0.033555 0.0109697 
0 0.05 0.05 0.03 -0 0.02 0.055 0.325361 0.944932 -0.0334561 0.0111859 
0 0.05 0.05 0.03 -0 0.02 0.055 0.3336 0.94205 -0.033354 0.0118828 
0 0.05 0.05 0.03 -0 0.02 0.055 0.341809 0.939097 -0.0332489 0.0125283 
0 0.05 0.05 0.03 -0 0.02 0.055 0.349992 0.936094 -0.0331421 0.011631 
0 0.05 0.05 0.03 -0 0.02 0.055 0.358141 0.933002 -0.0330331 0.0122683 
0 0.05 0.05 0.03 -0 0.02 0.055 0.366268 0.929825 -0.0329208 0.0137774 
0 0.05 0.05 0.03 -0 0.02 0.055 0.374369 0.926596 -0.0328069 0.0138245 
0 0.05 0.05 0.03 -0 0.02 0.055 0.382439 0.923298 -0.0326899 0.0138926 
0 0.05 0.05 0.03 -0 0.02 0.055 0.390491 0.919932 -0.0325701 0.0134214 
0 0.05 0.05 0.03 -0 0.02 0.055 0.398502 0.916494 -0.0324491 0.0135299 
0 0.05 0.05 0.03 -0 0.02 0.055 0.406478 0.912966 -0.0323239 0.0149352 
0 0.05 0.05 0.03 -0 0.02 0.055 0.414429 0.909387 -0.0321969 0.0150586 
0 0.05 0.05 0.03 -0 0.02 0.055 0.422349 0.905738 -0.0320679 0.0151914 
0 0.05 0.05 0.03 -0 0.02 0.055 0.43024 0.902019 -0.031936 0.0153321 
0 0.05 0.05 0.03 -0 0.02 0.055 0.4381 0.89823 -0.031802 0.0154658 
0 0.05 0.05 0.03 -0 0.02 0.055 0.445919 0.894367 -0.0316659 0.0161465 
0 0.05 0.05 0.03 -0 0.02 0.055 0.453711 0.890453 -0.0315271 0.0156924 
0 0.05 0.05 0.03 -0 0.02 0.055 0.461462 0.886464 -0.0313851 0.015811 
0 0.05 0.05 0.03 -0 0.02 0.055 0.469179 0.882387 -0.0312419 0.0169738 
0 0.05 0.05 0.03 -0 0.02 0.055 0.476861 0.878272 -0.0310951 0.0165521 
0 0.05 0.05 0.03 -0 0.02 0.055 0.48451 0.87407 -0.030947 0.0171376 
0 0.05 0.05 0.03 -0 0.02 0.055 0.492121 0.869812 -0.0307961 0.017222 
0 0.05 0.05 0.03 -0 0.02 0.055 0.499689 0.865479 -0.030643 0.0178205 
0 0.05 0.05 0.03 -0 0.02 0.055 0.50722 0.86109 -0.030487 0.0179545 
0 0.05 0.05 0.03 -0 0.02 0.055 0.514721 0.856632 -0.0303291 0.0180266 
0 0.05 0.05 0.03 -0 0.02 0.055 0.522171 0.852112 -0.0301691 0.0182211 
0 0.05 0.05 0.03 -0 0.02 0.055 0.529592 0.847523 -0.0300071 0.0183393 
0 0.05 0.05 0.03 -0 0.02 0.055 0.536958 0.842856 -0.0298419 0.0194851 
0 0.05 0.05 0.03 -0 0.02 0.055 0.544303 0.838154 -0.0296751 0.0187579 
0 0.05 0.05 0.03 -0 0.02 0.055 0.551588 0.833357 -0.0295059 0.0199179 
0 0.05 0.05 0.03 -0 0.02 0.055 0.55884 0.82852 -0.029334 0.019811 
0 0.05 0.05 0.03 -0 0.02 0.055 0.566049 0.823609 -0.02916 0.0201417 
0 0.05 0.05 0.03 -0 0.02 0.055 0.573221 0.818642 -0.0289841 0.0200695 
0 0.05 0.05 0.03 -0 0.02 0.055 0.580342 0.813613 -0.0288061 0.0201717 
0 0.05 0.05 0.03 -0 0.02 0.055 0.587421 0.808511 -0.028626 0.0206691 
0 0.05 0.05 0.03 -0 0.02 0.055 0.594448 0.803348 -0.0284429 0.0213318 
0 0.05 0.05 0.03 -0 0.02 0.055 0.601443 0.798144 -0.0282581 0.0208488 
0 0.05 0.05 0.03 -0 0.02 0.055 0.608382 0.792862 -0.0280711 0.0213007 
0 0.05 0.05 0.03 -0 0.02 0.055 0.615283 0.787524 -0.0278821 0.0213628 
0 0.05 0.05 0.03 -0 0.02 0.055 0.622119 0.782119 -0.027691 0.0221646 
-0.075069 0.05 0.05 0.03 -0 0.02 0.055 0.628932 0.776662 -0.0274981 0.0220129 
-0.587072 0.05 0.05 0.03 -0 0.02 0.055 0.635679 0.771139 -0.027303 0.0225967 
-inf 0.05 0.05 0.03 -0 0.02 0.055 0.64239 0.76556 -0.027105 0.0227881 
0 0.05 0.05 0.03 -0 0.02 0.055 0.64904 0.759929 -0.026906 0.0230435 
0 0.05 0.05 0.03 -0 0.02 0.055 0.655652 0.754243 -0.0267041 0.0229181 
-0.354523 0.05 0.05 0.03 -0 0.02 0.055 0.662214 0.748494 -0.0265001 0.0229629 
-0.0443819 0.05 0.05 0.03 -0 0.02 0.055 0.66871 0.742679 -0.026295 0.023734 
0 0.05 0.05 0.03 -0 0.02 0.055 0.675173 0.736824 -0.0260871 0.0234775 
0 0.05 0.05 0.03 -0 0.02 0.055 0.681572 0.730902 -0.0258781 0.0239466 
-0.0527094 0.05 0.05 0.03 -0 0.02 0.055 0.687918 0.724918 -0.0256659 0.0245657 
-0.0174641 0.05 0.05 0.03 -0 0.02 0.055 0.694219 0.718889 -0.025453 0.0247326 
0 0.05 0.05 0.03 -0 0.02 0.055 0.700468 0.712798 -0.0252369 0.0250416 
-0.092408 0.05 0.05 0.03 -0 0.02 0.055 0.706656 0.706656 -0.0250199 0.025471 
0 0.05 0.05 0.03 -0 0.02 0.055 0.712798 0.700468 -0.0247999 0.0254744 
0 0.05 0.05 0.03 -0 0.02 0.055 0.718889 0.694219 -0.024579 0.0256013 
0 0.05 0.05 0.03 -0 0.02 0.055 0.724918 0.687918 -0.0243559 0.025865 
-0.00277884 0.05 0.05 0.03 -0 0.02 0.055 0.730902 0.681572 -0.0241311 0.0257061 
-0.00579043 0.05 0.05 0.03 -0 0.02 0.055 0.736824 0.675173 -0.0239051 0.0256953 
-0.0190396 0.05 0.05 0.03 -0 0.02 0.055 0.742679 0.66871 -0.023676 0.0263472 
-0.0394214 0.05 0.05 0.03 -0 0.02 0.055 0.748494 0.662214 -0.0234461 0.0260726 
0 0.05 0.05 0.03 -0 0.02 0.055 0.754243 0.655652 -0.0232131 0.0264477 
-inf 0.05 0.05 0.03 -0 0.02 0.055 0.759929 0.64904 -0.02298 0.0269603 
-0.0923974 0.05 0.05 0.03 -0 0.02 0.055 0.76556 0.64239 -0.022744 0.027142 
-0.21029 0.05 0.05 0.03 -0 0.02 0.055 0.771139 0.635679 -0.022507 0.0273769 
-inf 0.05 0.05 0.03 -0 0.02 0.055 0.776662 0.628932 -0.0222671 0.0272923 
0 0.05 0.05 0.03 -0 0.02 0.055 0.782119 0.622119 -0.022027 0.0278004 
-inf 0.05 0.05 0.03 -0 0.02 0.055 0.787524 0.615283 -0.0217841 0.027553 
-0.109015 0.05 0.05 0.03 -0 0.02 0.055 0.792862 0.608382 -0.0215401 0.0278874 
-0.00409618 0.05 0.05 0.03 -0 0.02 0.055 0.798144 0.601443 -0.0212941 0.0279226 
0 0.05 0.05 0.03 -0 0.02 0.055 0.803348 0.594448 -0.0210469 0.0286537 
-0.0552737 0.05 0.05 0.03 -0 0.02 0.055 0.808511 0.587421 -0.020798 0.0285324 
-0.345475 0.05 0.05 0.03 -0 0.02 0.055 0.813613 0.580342 -0.0205471 0.0285384 
-0.130941 0.05 0.05 0.03 -0 0.02 0.055 0.818642 0.573221 -0.020295 0.0288261 
-0.284015 0.05 0.05 0.03 -0 0.02 0.055 0.823609 0.566049 -0.020041 0.0292292 
-inf 0.05 0.05 0.03 -0 0.02 0.055 0.82852 0.55884 -0.019786 0.0293509 
-0.0487776 0.05 0.05 0.03 -0 0.02 0.055 0.833357 0.551588 -0.0195289 0.0297633 
-0.0822323 0.05 0.05 0.03 -0 0.02 0.055 0.838154 0.544303 -0.0192711 0.0293419 
0 0.05 0.05 0.03 -0 0.02 0.055 0.842856 0.536958 -0.0190109 0.030144 
-0.375831 0.05 0.05 0.03 -0 0.02 0.055 0.847523 0.529592 -0.0187501 0.0297505 
-inf 0.05 0.05 0.03 -0 0.02 0.055 0.852112 0.522171 -0.018488 0.0300055 
-inf 0.05 0.05 0.03 -0 0.02 0.055 0.856632 0.514721 -0.018224 0.0302104 
0 0.05 0.05 0.03 -0 0.02 0.055 0.86109 0.50722 -0.017958 0.0304849 
0 0.05 0.05 0.03 -0 0.02 0.055 0.865479 0.499689 -0.017692 0.0307171 
-0.0563627 0.05 0.05 0.03 -0 0.02 0.055 0.869812 0.492121 -0.017424 0.0306818 
-0.139504 0.05 0.05 0.03 -0 0.02 0.055 0.87407 0.48451 -0.017154 0.0309379 
-0.0782695 0.05 0.05 0.03 -0 0.02 0.055 0.878272 0.476861 -0.016883 0.0309154 
-inf 0.05 0.05 0.03 -0 0.02 0.055 0.882387 0.469179 -0.0166109 0.0314348 
-inf 0.05 0.05 0.03 -0 0.02 0.055 0.886464 0.461462 -0.0163381 0.0311107 
-0.0950081 0.05 0.05 0.03 -0 0.02 0.055 0.890453 0.453711 -0.016064 0.0313377 
0 0.05 0.05 0.03 -0 0.02 0.055 0.894367 0.445919 -0.015788 0.0318447 
-0.106436 0.05 0.05 0.03 -0 0.02 0.055 0.89823 0.4381 -0.015511 0.03178 
0 0.05 0.05 0.03 -0 0.02 0.055 0.902019 0.43024 -0.015233 0.0319832 
0 0.05 0.05 0.03 -0 0.02 0.055 0.905738 0.422349 -0.014954 0.0321787 
-0.088503 0.05 0.05 0.03 -0 0.02 0.055 0.909387 0.414429 -0.014673 0.0323727 
0 0.05 0.05 0.03 -0 0.02 0.055 0.912966 0.406478 -0.0143919 0.0325657 
-0.0920909 0.05 0.05 0.03 -0 0.02 0.055 0.916494 0.398502 -0.0141091 0.0321973 
0 0.05 0.05 0.03 -0 0.02 0.055 0.919933 0.390491 -0.013825 0.0323988 
-0.0804597 0.05 0.05 0.03 -0 0.02 0.055 0.923298 0.382439 -0.013541 0.0328356 
0 0.05 0.05 0.03 -0 0.02 0.055 0.926596 0.374369 -0.0132549 0.033037 
-0.0970675 0.05 0.05 0.03 -0 0.02 0.055 0.929825 0.366268 -0.0129679 0.0332397 
-0.0606723 0.05 0.05 0.03 -0 0.02 0.055 0.933002 0.358141 -0.01268 0.032875 
0 0.05 0.05 0.03 -0 0.02 0.055 0.936094 0.349992 -0.0123911 0.032858 
0 0.05 0.05 0.03 -0 0.02 0.055 0.939098 0.341809 -0.012102 0.0334041 
0 0.05 0.05 0.03 -0 0.02 0.055 0.94205 0.3336 -0.011811 0.0333794 
0 0.05 0.05 0.03 -0 0.02 0.055 0.944932 0.325361 -0.01152 0.033341 
0 0.05 0.05 0.03 -0 0.02 0.055 0.947731 0.31711 -0.011227 0.033469 
0 0.05 0.05 0.03 -0 0.02 0.055 0.950458 0.308819 -0.010934 0.0337714 
0 0.05 0.05 0.03 -0 0.02 0.055 0.953121 0.30052 -0.01064 0.0336866 
0 0.05 0.05 0.03 -0 0.02 0.055 0.955714 0.292191 -0.010345 0.0335841 
0 0.05 0.05 0.03 -0 0.02 0.055 0.958221 0.28384 -0.010049 0.0338473 
0 0.05 0.05 0.03 -0 0.02 0.055 0.960659 0.27546 -0.00975289 0.0340762 
0 0.05 0.05 0.03 -0 0.02 0.055 0.963032 0.267071 -0.00945582 0.0339461 
0 0.05 0.05 0.03 -0 0.02 0.055 0.96532 0.25866 -0.0091579 0.0341867 
0 0.05 0.05 0.03 -0 0.02 0.055 0.967538 0.250219 -0.00885928 0.0343826 
0 0.05 0.05 0.03 -0 0.02 0.055 0.969692 0.24177 -0.00856001 0.0342334 
0 0.05 0.05 0.03 -0 0.02 0.055 0.971759 0.2333 -0.00826009 0.0344528 
0 0.05 0.05 0.03 -0 0.02 0.055 0.97376 0.22481 -0.0079595 0.0344754 
0 0.05 0.05 0.03 -0 0.02 0.055 0.975675 0.216299 -0.00765826 0.0348586 
0 0.05 0.05 0.03 -0 0.02 0.055 0.977544 0.207781 -0.00735663 0.0343515 
0 0.05 0.05 0.03 -0 0.02 0.055 0.979308 0.19924 -0.00705429 0.03477 
0 0.05 0.05 0.03 -0 0.02 0.055 0.981008 0.19069 -0.00675138 0.0348694 
0 0.05 0.05 0.03 -0 0.02 0.055 0.982641 0.18212 -0.0064481 0.0347607 
0 0.05 0.05 0.03 -0 0.02 0.055 0.984189 0.17354 -0.00614419 0.034901 
0 0.05 0.05 0.03 -0 0.02 0.055 0.985671 0.16494 -0.00583991 0.0348256 
0 0.05 0.05 0.03 -0 0.02 0.055 0.987071 0.15634 -0.0055352 0.0349085 
0 0.05 0.05 0.03 -0 0.02 0.055 0.988404 0.147721 -0.00523002 0.0347734 
0 0.05 0.05 0.03 -0 0.02 0.055 0.989653 0.13909 -0.00492441 0.0348926 
0 0.05 0.05 0.03 -0 0.02 0.055 0.990815 0.130439 -0.00461838 0.035341 
0 0.05 0.05 0.03 -0 0.02 0.055 0.991915 0.121789 -0.00431208 0.0354027 
-0.243698 0.05 0.05 0.03 -0 0.02 0.055 0.99295 0.11313 -0.0040055 0.0351535 
-inf 0.05 0.05 0.03 -0 0.02 0.055 0.993901 0.10446 -0.0036986 0.0351593 
0 0.05 0.05 0.03 -0 0.02 0.055 0.994767 0.0957857 -0.00339129 0.0353829 
0 0.05 0.05 0.03 -0 0.02 0.055 0.995569 0.0871009 -0.0030839 0.0352997 
0 0.05 0.05 0.03 -0 0.02 0.055 0.996287 0.0784098 -0.00277609 0.0354481 
0 0.05 0.05 0.03 -0 0.02 0.055 0.996941 0.069713 -0.0024682 0.035262 
0 0.05 0.05 0.03 -0 0.02 0.055 0.99751 0.06101 -0.0021601 0.0353063 
-0.139398 0.05 0.05 0.03 -0 0.02 0.055 0.997996 0.0523028 -0.00185179 0.0355727 
-inf 0.05 0.05 0.03 -0 0.02 0.055 0.998417 0.0435919 -0.0015434 0.035498 
0 0.05 0.05 0.03 -0 0.02 0.055 0.998775 0.0348782 -0.00123491 0.0350798 
-0.246123 0.05 0.05 0.03 -0 0.02 0.055 0.999029 0.026161 -0.000926229 0.0354472 
-0.0706165 0.05 0.05 0.03 -0 0.02 0.055 0.999218 0.017441 -0.000617519 0.0354689 
-0.10253 0.05 0.05 0.03 -0 0.02 0.055 0.999344 0.00872114 -0.000308771 0.0351426 
