0.111583 0.05 0.05 0.05 0 0 0.055 0.80064 0.5981 -0.021176 0.0283472 
0.101837 0.05 0.05 0.05 0 0 0.055 0.283478 0.958315 -0.0339298 0.0110214 
0.0106309 0.05 0.05 0.05 0 0 0.055 0.708233 0.705103 -0.0249641 0.024768 
0.189108 0.05 0.05 0.05 0 0 0.055 0.91056 0.41186 -0.014582 0.032234 
0.033674 0.05 0.05 0.05 0 0 0.055 0.475238 -0.879136 0.0311259 0.0172931 
0.0966913 0.05 0.05 0.05 0 0 0.055 0.00441705 0.998039 -0.0353362 0.0514751 
0.388481 0.05 0.05 0.05 0 0 0.055 0.843334 0.536243 -0.0189861 0.0294966 
0.0120512 0.05 0.05 0.05 0 0 0.055 0.997166 0.0662798 -0.00234669 0.0355032 
0.347345 0.05 0.05 0.05 0 0 0.055 0.3547 0.93431 -0.03308 0.0126173 
0.0692334 0.05 0.05 0.05 0 0 0.055 0.759208 0.649879 -0.023009 0.0270367 
0.281772 0.05 0.05 0.05 0 0 0.055 0.957059 -0.28772 0.010187 0.033926 
0.0528719 0.05 0.05 0.05 0 0 0.055 0.219301 0.975024 -0.0345211 0.00667272 
0.0718493 0.05 0.05 0.05 0 0 0.055 0.6599 0.75052 -0.026572 0.0233542 
0.0911763 0.05 0.05 0.05 0 0 0.055 0.407829 -0.912368 0.0323029 0.0146956 
0.0311342 0.05 0.05 0.05 0 0 0.055 0.881239 0.471339 -0.016688 0.0312867 
0.0938331 0.05 0.05 0.05 0 0 0.055 0.154149 0.987406 -0.0349598 0.00679156 
0.045332 0.05 0.05 0.05 0 0 0.055 0.608668 0.792627 -0.0280629 0.0218553 
0.2913 0.05 0.05 0.05 0 0 0.055 0.914169 0.403779 -0.014296 0.0324573 
0.141497 0.05 0.05 0.05 0 0 0.055 0.467441 -0.883323 0.0312741 0.0161669 
0.0412474 0.05 0.05 0.05 0 0 0.055 0.0132181 0.999286 -0.0353799 0.000469768 
0.110121 0.05 0.05 0.05 0 0 0.055 0.84804 0.52875 -0.018721 0.0300123 
0.0762233 0.05 0.05 0.05 0 0 0.055 0.362959 0.931128 -0.0329669 0.0132393 
0.147973 0.05 0.05 0.05 0 0 0.055 0.954483 -0.296181 0.010486 0.0335972 
0.197987 0.05 0.05 0.05 0 0 0.055 0.695631 -0.717531 0.025404 0.0245337 
0.106561 0.05 0.05 0.05 0 0 0.055 0.227921 0.973043 -0.0344511 0.00728165 
0.0257055 0.05 0.05 0.05 0 0 0.055 0.666521 0.744652 -0.0263651 0.0234069 
0.125932 0.05 0.05 0.05 0 0 0.055 0.986718 -0.15852 0.00561259 0.0350236 
0.0403187 0.05 0.05 0.05 0 0 0.055 0.789932 -0.612182 0.0216741 0.0277633 
0.0611985 0.05 0.05 0.05 0 0 0.055 0.999223 -0.017691 0.000626352 0.0352205 
0.102964 0.05 0.05 0.05 0 0 0.055 0.811097 0.583828 -0.0206709 0.0289734 
0.0104046 0.05 0.05 0.05 0 0 0.055 0.300401 0.953163 -0.0337471 0.0100597 
0.097683 0.05 0.05 0.05 0 0 0.055 0.972023 -0.232231 0.00822212 0.034251 
0.0944856 0.05 0.05 0.05 0 0 0.055 0.995058 -0.0927328 0.00328329 0.0353497 
0.0608473 0.05 0.05 0.05 0 0 0.055 0.4596 -0.887419 0.031419 0.0163735 
0.168712 0.05 0.05 0.05 0 0 0.055 0.998189 0.048618 -0.0017213 0.0353711 
0.0317311 0.05 0.05 0.05 0 0 0.055 0.580242 -0.813682 0.0288091 0.0202718 
0.0397522 0.05 0.05 0.05 0 0 0.055 0.371189 0.927878 -0.0328519 0.0135014 
0.205643 0.05 0.05 0.05 0 0 0.055 0.951823 -0.304621 0.010785 0.0335034 
0.0122898 0.05 0.05 0.05 0 0 0.055 0.673093 0.738723 -0.0261551 0.0234372 
0.15344 0.05 0.05 0.05 0 0 0.055 0.985281 -0.16725 0.0059216 0.0348496 
0.00243277 0.05 0.05 0.05 0 0 0.055 0.784478 -0.619139 0.0219209 0.0279481 
0.14834 0.05 0.05 0.05 0 0 0.055 0.0971358 0.994637 -0.0352159 0.0045655 
0.403836 0.05 0.05 0.05 0 0 0.055 0.889454 0.455672 -0.0161331 0.0312241 
0.156886 0.05 0.05 0.05 0 0 0.055 0.999019 -0.026535 0.000939469 0.0354542 
0.0297534 0.05 0.05 0.05 0 0 0.055 0.517449 -0.854979 0.030271 0.0184696 
0.0326616 0.05 0.05 0.05 0 0 0.055 -0.0440339 0.998403 -0.0353491 -0.00156491 
0.0410903 0.05 0.05 0.05 0 0 0.055 0.816241 0.576631 -0.020416 0.0288347 
0.34618 0.05 0.05 0.05 0 0 0.055 0.992771 0.11471 -0.00406151 0.0350749 
0.101702 0.05 0.05 0.05 0 0 0.055 0.30883 0.950461 -0.033651 0.0107399 
0.172481 0.05 0.05 0.05 0 0 0.055 0.73573 -0.67635 0.023946 0.0260522 
0.0924581 0.05 0.05 0.05 0 0 0.055 0.17161 0.984531 -0.034858 0.00586034 
0.488836 0.05 0.05 0.05 0 0 0.055 0.921167 0.387539 -0.013721 0.0328165 
0.0459276 0.05 0.05 0.05 0 0 0.055 0.451729 -0.891448 0.0315619 0.0163026 
0.365818 0.05 0.05 0.05 0 0 0.055 0.379378 0.924556 -0.0327349 0.0139995 
0.158079 0.05 0.05 0.05 0 0 0.055 0.776198 0.629489 -0.022287 0.0276249 
0.044136 0.05 0.05 0.05 0 0 0.055 0.68282 -0.72973 0.025836 0.0241345 
0.17593 0.05 0.05 0.05 0 0 0.055 0.24511 0.968851 -0.034302 0.00854294 
0.0195384 0.05 0.05 0.05 0 0 0.055 0.998752 -0.0353761 0.0012525 0.0352199 
0.0525219 0.05 0.05 0.05 0 0 0.055 0.50986 -0.85953 0.030432 0.0179954 
0.0348723 0.05 0.05 0.05 0 0 0.055 -0.0352281 0.998753 -0.0353611 -0.001252 
0.0812403 0.05 0.05 0.05 0 0 0.055 0.821308 0.569379 -0.020159 0.0292277 
0.127368 0.05 0.05 0.05 0 0 0.055 0.993735 0.105919 -0.00375018 0.035462 
0.156501 0.05 0.05 0.05 0 0 0.055 0.175949 -0.983757 0.0348309 0.00716919 
0.0332115 0.05 0.05 0.05 0 0 0.055 0.31723 0.947691 -0.0335531 0.0109497 
0.393363 0.05 0.05 0.05 0 0 0.055 0.967746 -0.249399 0.00883007 0.0344852 
0.140369 0.05 0.05 0.05 0 0 0.055 0.924572 0.379371 -0.013432 0.0326348 
0.0721588 0.05 0.05 0.05 0 0 0.055 0.993255 -0.110329 0.00390638 0.0354479 
0.037661 0.05 0.05 0.05 0 0 0.055 0.443821 -0.895422 0.0317031 0.0153845 
0.380246 0.05 0.05 0.05 0 0 0.055 0.861781 0.506051 -0.017917 0.0304015 
0.00564276 0.05 0.05 0.05 0 0 0.055 0.565738 -0.823817 0.0291679 0.0203738 
0.188169 0.05 0.05 0.05 0 0 0.055 0.38755 0.921171 -0.032614 0.0136401 
0.17988 0.05 0.05 0.05 0 0 0.055 0.946284 -0.321421 0.01138 0.0332461 
0.121948 0.05 0.05 0.05 0 0 0.055 0.25368 0.966639 -0.034224 0.00916159 
0.103537 0.05 0.05 0.05 0 0 0.055 0.7734 -0.63293 0.022409 0.0273863 
0.184689 0.05 0.05 0.05 0 0 0.055 0.37527 -0.92624 0.032794 0.0132794 
0.0639428 0.05 0.05 0.05 0 0 0.055 0.11473 0.992772 -0.0351491 0.00229001 
0.328396 0.05 0.05 0.05 0 0 0.055 0.50223 -0.86401 0.030591 0.0177673 
0.0598577 0.05 0.05 0.05 0 0 0.055 0.0265187 -0.99901 0.0353706 0.00497859 
0.265019 0.05 0.05 0.05 0 0 0.055 0.325609 0.944838 -0.0334529 0.011832 
0.0696734 0.05 0.05 0.05 0 0 0.055 0.738729 0.673069 -0.02383 0.0262624 
0.138739 0.05 0.05 0.05 0 0 0.055 0.96551 -0.25795 0.009133 0.0341922 
0.05783 0.05 0.05 0.05 0 0 0.055 0.636351 0.770591 -0.027283 0.0224309 
0.0536331 0.05 0.05 0.05 0 0 0.055 0.992251 -0.11912 0.0042175 0.0350852 
0.0954294 0.05 0.05 0.05 0 0 0.055 0.43588 -0.899311 0.03184 0.0153165 
0.0903092 0.05 0.05 0.05 0 0 0.055 0.0485276 0.998195 -0.0353412 0.00149192 
0.308383 0.05 0.05 0.05 0 0 0.055 0.866216 0.498398 -0.0176459 0.0309422 
0.0502053 0.05 0.05 0.05 0 0 0.055 0.999131 0.022098 -0.00078238 0.0353445 
0.125758 0.05 0.05 0.05 0 0 0.055 0.395689 0.917698 -0.0324919 0.0143043 
0.164173 0.05 0.05 0.05 0 0 0.055 0.76776 -0.63976 0.022651 0.0271735 
0.177799 0.05 0.05 0.05 0 0 0.055 0.367059 -0.929516 0.0329099 0.0135778 
0.0307946 0.05 0.05 0.05 0 0 0.055 0.12351 0.991707 -0.0351119 0.00542047 
0.191456 0.05 0.05 0.05 0 0 0.055 0.997955 -0.0530497 0.00187829 0.0356042 
0.479509 0.05 0.05 0.05 0 0 0.055 0.494559 -0.868418 0.0307469 0.017803 
0.0662225 0.05 0.05 0.05 0 0 0.055 0.995456 0.0883126 -0.00312679 0.035478 
0.062396 0.05 0.05 0.05 0 0 0.055 0.333959 0.941917 -0.0333489 0.0122865 
0.277407 0.05 0.05 0.05 0 0 0.055 0.963192 -0.266491 0.00943522 0.0339887 
0.0962411 0.05 0.05 0.05 0 0 0.055 0.717505 -0.695636 0.0246298 0.0258916 
0.0728487 0.05 0.05 0.05 0 0 0.055 0.197691 0.979633 -0.0346841 0.00582162 
0.0560734 0.05 0.05 0.05 0 0 0.055 0.93114 0.36294 -0.01285 0.0329946 
0.0218915 0.05 0.05 0.05 0 0 0.055 0.991164 -0.127901 0.00452832 0.0348497 
0.147832 0.05 0.05 0.05 0 0 0.055 0.808499 -0.587429 0.020798 0.0286878 
0.220626 0.05 0.05 0.05 0 0 0.055 0.870597 0.490708 -0.0173739 0.0310627 
0.0270549 0.05 0.05 0.05 0 0 0.055 0.551071 -0.833711 0.029518 0.0193829 
0.246798 0.05 0.05 0.05 0 0 0.055 0.403799 0.914158 -0.0323659 0.0146531 
0.232129 0.05 0.05 0.05 0 0 0.055 0.792639 0.608659 -0.02155 0.0281653 
0.317877 0.05 0.05 0.05 0 0 0.055 0.940442 -0.338121 0.011971 0.0331612 
0.00240579 0.05 0.05 0.05 0 0 0.055 0.698809 0.714429 -0.025295 0.0248372 
0.0703988 0.05 0.05 0.05 0 0 0.055 0.978738 -0.20202 0.00715269 0.0347666 
0.0762655 0.05 0.05 0.05 0 0 0.055 0.13228 0.990579 -0.035072 0.00495772 
0.142648 0.05 0.05 0.05 0 0 0.055 0.591002 0.805903 -0.0285331 0.0205524 
0.0580544 0.05 0.05 0.05 0 0 0.055 0.905022 0.423901 -0.015008 0.0319056 
0.289672 0.05 0.05 0.05 0 0 0.055 0.486863 -0.872775 0.0309012 0.016534 
0.0465153 0.05 0.05 0.05 0 0 0.055 0.00882651 -0.998856 0.0353652 0.030959 
0.182678 0.05 0.05 0.05 0 0 0.055 0.836138 0.547369 -0.01938 0.0297391 
0.219351 0.05 0.05 0.05 0 0 0.055 0.996213 0.0794993 -0.00281471 0.0350891 
0.0591961 0.05 0.05 0.05 0 0 0.055 0.342279 0.938929 -0.033243 0.0123574 
0.0909973 0.05 0.05 0.05 0 0 0.055 0.711331 -0.701971 0.0248531 0.0250181 
0.15367 0.05 0.05 0.05 0 0 0.055 0.989976 -0.136669 0.00483868 0.0353055 
0.344289 0.05 0.05 0.05 0 0 0.055 0.419888 -0.906876 0.0321088 0.0154759 
0.0580909 0.05 0.05 0.05 0 0 0.055 0.0662947 0.997165 -0.0353048 0.00448236 
0.177866 0.05 0.05 0.05 0 0 0.055 0.874909 0.48299 -0.0171 0.0310147 
0.106556 0.05 0.05 0.05 0 0 0.055 0.999356 0.00440788 -0.000156059 0.035614 
0.157796 0.05 0.05 0.05 0 0 0.055 0.798001 0.601621 -0.021301 0.0281614 
0.0944107 0.05 0.05 0.05 0 0 0.055 0.937412 -0.346431 0.012266 0.0330921 
0.229013 0.05 0.05 0.05 0 0 0.055 0.279248 0.959554 -0.0339738 0.0111064 
0.0129123 0.05 0.05 0.05 0 0 0.055 0.705113 0.708223 -0.0250751 0.0246572 
0.0272007 0.05 0.05 0.05 0 0 0.055 0.756323 -0.653252 0.0231281 0.0264991 
0.643401 0.05 0.05 0.05 0 0 0.055 0.479109 -0.877039 0.031052 0.017109 
0.117569 0.05 0.05 0.05 0 0 0.055 0.840948 0.539949 -0.019117 0.0299467 
0.0145928 0.05 0.05 0.05 0 0 0.055 0.996869 0.0706779 -0.0025024 0.035375 
0.000713183 0.05 0.05 0.03 -0 0.02 0.055 0.909387 -0.414429 0.014673 0.0323727 
0.000786091 0.05 0.05 0.03 -0 0.02 0.055 0.905738 -0.422349 0.014954 0.0321787 
0.0441193 0.05 0.05 0.03 -0 0.02 0.055 0.19924 0.979308 -0.0346729 0.00753147 
